0	1	2	3	4	5	6	7	8	9	10	11	12	13	14	15	16	17	18	19	20	21	22	23	24	25	26	27	28	29	30	31	32	33	34	35	36	37	38	39	40	41	42	43	44	45	46	47	48	49
0	1.42034	2.71354	4.00473	5.26721	6.41123	7.61612	8.81134	9.99368	11.1281	12.2181	13.2998	14.4157	15.5111	16.6416	17.7481	18.7836	19.8395	20.9411	22.0425	23.1566	24.2261	25.3144	26.3983	27.4828	28.5755	29.5958	30.5748	31.5071	32.463	33.41	34.37	35.3706	36.3783	37.5221	38.7166	39.8654	41.0759	42.2098	43.4324	44.7373	45.9889	47.2659	48.4449	49.6157	50.8129	52.0368	53.2772	54.4942	55.6486
0	1.43501	2.72954	3.97001	5.31929	6.6742	8.07906	9.43703	10.7451	12.126	13.5236	14.943	16.3294	17.7392	19.2024	20.6271	22.0274	23.4386	24.9027	26.3038	27.688	29.0995	30.4443	31.816	33.1701	34.5087	35.8775	37.2174	38.5645	39.9169	41.2479	42.5989	43.9481	45.3428	46.7445	48.2055	49.6284	51.0733	52.4998	53.9035	55.2807	56.6206	57.9843	59.4098	60.8767	62.2798	63.7009	65.1156	66.4942	67.8115
0	1.44172	2.76825	4.02529	5.22153	6.43085	7.6157	8.79029	10.0223	11.208	12.4306	13.7381	15.0157	16.321	17.6603	19.0294	20.4067	21.7523	23.1416	24.5874	26.0434	27.5133	29.052	30.5717	32.0617	33.4746	34.9121	36.3359	37.7133	39.1115	40.461	41.8867	43.2606	44.6454	45.9503	47.2432	48.5624	49.8935	51.2007	52.5691	53.9068	55.316	56.7861	58.2927	59.7631	61.1968	62.6323	64.0938	65.6566	67.2338
0	1.42184	2.82198	4.19765	5.54559	6.91748	8.26187	9.59248	10.9435	12.2629	13.5126	14.7843	15.95	17.09	18.2207	19.4268	20.6353	21.8597	23.1498	24.3619	25.5171	26.6448	27.7546	28.8354	29.8988	30.9143	31.8674	32.8164	33.7393	34.6962	35.7361	36.7833	37.7713	38.6904	39.736	40.7473	41.7633	42.7274	43.7146	44.6445	45.6103	46.5499	47.4281	48.2956	49.2229	50.0999	50.955	51.8472	52.7633	53.5937
0	1.44382	2.75702	4.03073	5.30521	6.60219	7.89651	9.22677	10.5606	11.8776	13.1975	14.4426	15.6677	16.8262	17.9915	19.2675	20.5331	21.8215	23.1321	24.4582	25.7326	27.0306	28.3326	29.6327	30.9696	32.3544	33.7708	35.2383	36.6727	38.1127	39.5095	40.9032	42.283	43.7152	45.0968	46.4964	47.8951	49.3141	50.7105	52.1387	53.5672	55.0159	56.5297	57.995	59.524	61.0781	62.6897	64.3428	65.9898	67.6448
0	1.42691	2.78656	4.07301	5.33117	6.60962	7.94398	9.27662	10.6051	11.9126	13.1986	14.5522	15.9436	17.3171	18.6914	20.1074	21.5971	23.084	24.6179	26.1566	27.7405	29.3326	30.928	32.5085	34.0362	35.5913	37.1241	38.7213	40.4119	42.1117	43.8161	45.5162	47.1671	48.8584	50.5306	52.2062	53.9457	55.6995	57.5121	59.3184	61.1105	62.9271	64.7567	66.6206	68.4935	70.3329	72.1515	73.9541	75.7841	77.6302
0	1.44589	2.78022	4.07978	5.38089	6.61896	7.84808	9.10037	10.341	11.5869	12.8155	14.1051	15.3511	16.5833	17.8696	19.1251	20.4453	21.7913	23.0319	24.2549	25.4573	26.6975	27.9461	29.1926	30.4226	31.6872	32.9377	34.2069	35.4255	36.6371	37.9419	39.2821	40.6186	41.8558	43.1525	44.3953	45.6513	46.9252	48.2109	49.4949	50.827	52.1443	53.4573	54.8026	56.1352	57.531	58.9666	60.4245	61.8638	63.3195
0	1.38645	2.69106	3.94587	5.22724	6.45474	7.68484	8.87981	10.0708	11.2311	12.4067	13.5917	14.7482	15.915	17.1268	18.4126	19.6842	21.0243	22.3526	23.6853	25.0545	26.4642	27.8739	29.3026	30.7015	32.0728	33.4425	34.7946	36.1398	37.4482	38.7068	39.9113	41.1688	42.4137	43.6797	44.9913	46.3136	47.681	49.0832	50.5016	51.8898	53.3215	54.7456	56.1382	57.5638	58.9576	60.3445	61.7614	63.1111	64.4796
0	1.39485	2.66089	3.99675	5.31456	6.71338	8.062	9.43272	10.7677	12.1062	13.4306	14.6938	15.9524	17.1798	18.3853	19.6422	20.8949	22.1852	23.428	24.6772	25.9001	27.1866	28.4485	29.7363	31.0142	32.3372	33.6406	34.9387	36.2881	37.6324	39	40.3358	41.6457	42.928	44.2436	45.5494	46.909	48.2973	49.6796	51.0703	52.4323	53.8081	55.1086	56.4424	57.7694	59.1306	60.5159	61.9304	63.216	64.5042
0	1.4045	2.73988	4.03964	5.3325	6.64256	7.91174	9.13762	10.3681	11.5563	12.7957	14.0498	15.2908	16.4835	17.6145	18.7411	19.8962	21.0421	22.1938	23.3202	24.4571	25.5499	26.6671	27.7731	28.8562	29.9879	31.168	32.3332	33.4915	34.6185	35.713	36.823	38.017	39.1855	40.3704	41.5368	42.7007	43.8817	45.0103	46.1073	47.1656	48.2193	49.2644	50.2277	51.1072	51.9477	52.8083	53.7219	54.581	55.4293
0	1.44811	2.83155	4.20806	5.60483	6.96839	8.31723	9.6656	11.0546	12.3511	13.6615	14.9676	16.3119	17.7002	19.127	20.5077	21.8648	23.3084	24.7931	26.2519	27.6839	29.1422	30.5449	31.9211	33.304	34.7261	36.2209	37.7074	39.2103	40.6612	42.0742	43.4581	44.7723	46.1198	47.5037	48.8572	50.2137	51.5838	52.9814	54.4561	55.8767	57.2852	58.6066	59.9703	61.3883	62.7028	64.0408	65.3678	66.6624	67.9763
0	1.46411	2.78471	4.1134	5.55072	6.94105	8.26178	9.61045	10.9712	12.3447	13.667	14.9635	16.2266	17.4779	18.7182	20.0081	21.2817	22.4976	23.7555	25.0367	26.3212	27.6445	28.9682	30.2924	31.6477	32.9916	34.3461	35.7331	37.1648	38.5902	40.0461	41.4356	42.8573	44.2297	45.6137	47.029	48.4496	49.8385	51.1883	52.5271	53.8192	55.1686	56.4954	57.8218	59.1676	60.5663	61.9795	63.3567	64.7129	66.0131
0	1.44275	2.82824	4.16531	5.49471	6.84554	8.15783	9.50654	10.8212	12.2242	13.6044	14.9909	16.3782	17.756	19.1211	20.4958	21.8092	23.1101	24.3967	25.6727	26.9957	28.31	29.6847	31.0931	32.4813	33.8678	35.277	36.6304	37.9635	39.322	40.6549	42.0388	43.4786	44.8919	46.36	47.8429	49.2637	50.6762	52.1675	53.6717	55.1679	56.7271	58.284	59.9247	61.6202	63.3002	65.0138	66.6548	68.2895	69.958
0	1.40941	2.77171	4.09818	5.43821	6.86489	8.31063	9.81464	11.2667	12.679	14.115	15.5562	16.9724	18.3494	19.6446	20.9562	22.3298	23.7469	25.1278	26.4804	27.8483	29.22	30.6181	32.0757	33.5042	34.9435	36.3123	37.7008	39.1494	40.6377	42.1869	43.7535	45.3398	46.9563	48.5806	50.1868	51.8209	53.4007	54.9563	56.5375	58.0868	59.6354	61.2661	62.8471	64.417	65.9671	67.6074	69.2119	70.8152	72.4074
0	1.45879	2.80617	4.12696	5.49879	6.87847	8.25461	9.60911	10.9827	12.3771	13.8593	15.3216	16.7949	18.2357	19.6292	21.0266	22.3525	23.6532	24.9547	26.2506	27.532	28.8172	30.1318	31.4609	32.7719	34.1012	35.4299	36.7515	38.0694	39.3341	40.6314	41.9724	43.2628	44.5066	45.7896	47.043	48.2619	49.4472	50.5767	51.769	52.9334	54.1089	55.2411	56.4082	57.5219	58.6497	59.7441	60.8976	62.0302	63.1068
0	1.4691	2.83538	4.20178	5.63707	7.04262	8.4731	9.84298	11.1698	12.5468	13.9014	15.2398	16.556	17.9107	19.3053	20.7529	22.1555	23.6073	25.0668	26.4392	27.7714	29.1056	30.4496	31.8168	33.2139	34.5903	35.9444	37.2793	38.5867	39.904	41.2039	42.5293	43.8741	45.1838	46.5801	47.977	49.4071	50.8083	52.1457	53.5129	54.7988	56.0886	57.4066	58.7742	60.054	61.3084	62.6464	63.9297	65.2198	66.4935
0	1.47365	2.84129	4.16753	5.51245	6.82258	8.11158	9.47297	10.8169	12.2351	13.7455	15.2354	16.6694	18.1084	19.5519	21.0216	22.4664	23.8341	25.2759	26.6836	28.0553	29.4209	30.7831	32.1517	33.4034	34.6581	35.9228	37.2819	38.6066	39.9046	41.1869	42.4426	43.6959	44.9481	46.1573	47.4021	48.6064	49.8167	51.042	52.2459	53.4623	54.6327	55.7202	56.7641	57.8131	58.8524	59.9057	60.9593	61.9959	63.0455
0	1.42404	2.67115	3.87807	5.06528	6.22986	7.39749	8.59977	9.84078	11.137	12.4402	13.7253	15.028	16.2662	17.5186	18.8255	20.0959	21.3584	22.6064	23.8704	25.147	26.4139	27.7029	28.9492	30.1543	31.3475	32.5102	33.6871	34.7716	35.8803	36.9528	37.9762	39.047	40.1868	41.3371	42.4958	43.6261	44.7627	45.8944	46.9878	48.1309	49.2724	50.386	51.5098	52.5745	53.6221	54.6144	55.5846	56.664	57.7238
0	1.45347	2.7093	3.99768	5.2243	6.41761	7.65865	8.85133	10.0483	11.2186	12.3563	13.5038	14.6763	15.8269	16.9525	18.1695	19.2982	20.4767	21.622	22.7618	23.8899	24.9862	26.1178	27.1973	28.317	29.3695	30.4682	31.5305	32.525	33.6059	34.6502	35.704	36.722	37.7953	38.889	40.0078	41.2292	42.4576	43.6768	44.8502	46.0791	47.2992	48.4885	49.7113	50.9449	52.2337	53.5261	54.7821	56.017	57.2206
0	1.4555	2.80623	4.10176	5.35168	6.64774	7.85776	9.05635	10.2994	11.5944	12.8327	14.0384	15.2593	16.4774	17.6829	18.865	20.0497	21.225	22.4055	23.4996	24.6044	25.6889	26.7977	27.8835	28.998	30.109	31.2344	32.2929	33.2894	34.3213	35.3292	36.3501	37.2979	38.3133	39.3309	40.3807	41.4648	42.5509	43.547	44.5406	45.5694	46.6385	47.7426	48.8818	49.9802	51.0772	52.1628	53.2861	54.3438	55.3331
0	1.40992	2.75764	4.08623	5.36814	6.72581	8.11688	9.455	10.735	12.0195	13.3686	14.7256	16.0117	17.3233	18.685	20.0523	21.4552	22.8585	24.2196	25.5674	26.8576	28.0637	29.232	30.4572	31.6941	32.8795	34.0542	35.2058	36.3028	37.3952	38.3719	39.3471	40.4242	41.4349	42.4626	43.4723	44.5092	45.6244	46.6439	47.6205	48.5922	49.5603	50.503	51.4493	52.3446	53.2669	54.0943	54.9132	55.7507	56.6086
0	1.46234	2.86546	4.20966	5.48602	6.78562	8.01805	9.29117	10.571	11.8971	13.2403	14.57	15.9288	17.2744	18.6393	19.999	21.3559	22.7139	24.0947	25.4334	26.6743	28.005	29.3632	30.6976	32.006	33.3751	34.767	36.1494	37.535	38.9029	40.3054	41.6902	43.0289	44.3837	45.7242	47.0931	48.494	49.9144	51.3331	52.715	54.0557	55.4129	56.8133	58.2262	59.675	61.1477	62.6184	64.0639	65.4671	66.9008
0	1.467	2.8281	4.12842	5.45724	6.69526	7.97431	9.19539	10.4412	11.699	12.9271	14.1566	15.418	16.6976	18.0553	19.3982	20.7628	22.1062	23.5122	24.8592	26.1836	27.4993	28.8337	30.2675	31.6834	33.0897	34.544	35.946	37.4108	38.8939	40.3498	41.8247	43.3439	44.9039	46.4903	48.0816	49.6764	51.2746	52.8323	54.4045	56.0323	57.703	59.3351	60.9633	62.6391	64.3981	66.1433	67.8766	69.6388	71.319
0	1.41466	2.77942	4.1265	5.43708	6.7125	8.00754	9.31075	10.5572	11.7986	13.0223	14.246	15.4286	16.6155	17.7914	19.0189	20.2381	21.5078	22.8296	24.1884	25.4817	26.7574	28.0793	29.4616	30.827	32.1419	33.4256	34.6485	35.9108	37.1486	38.378	39.6315	40.8342	42.0415	43.2099	44.2815	45.3946	46.477	47.5402	48.6178	49.7037	50.76	51.7935	52.8473	53.9226	55.0487	56.182	57.2975	58.4108	59.5226
0	1.47215	2.84195	4.18477	5.59001	6.92369	8.24244	9.5363	10.8418	12.1331	13.4096	14.724	16.0322	17.2962	18.574	19.816	21.0482	22.277	23.5062	24.7186	25.9797	27.2187	28.4313	29.6542	30.8421	31.9561	33.1266	34.3547	35.4997	36.6901	37.9426	39.1611	40.3355	41.4575	42.589	43.7008	44.7963	45.8663	46.9048	47.92	48.8921	49.8628	50.8529	51.8782	52.9164	53.8926	54.9227	55.9453	56.9515	57.9831
0	1.42427	2.71989	4.05384	5.32219	6.54968	7.73753	9.00623	10.2779	11.533	12.7488	13.9943	15.2509	16.5587	17.9058	19.2093	20.5966	22.0535	23.5608	25.0796	26.6231	28.1663	29.698	31.2812	32.8476	34.34	35.8637	37.4007	38.9827	40.5967	42.1482	43.6339	45.0906	46.5902	48.1516	49.6842	51.2176	52.7292	54.2335	55.7683	57.2361	58.6582	60.0456	61.4509	62.923	64.4278	65.8641	67.2886	68.7127	70.1138
0	1.42934	2.77315	4.03071	5.30352	6.54958	7.76201	8.99703	10.2564	11.4996	12.705	13.9202	15.1896	16.4294	17.7055	18.9348	20.2218	21.5406	22.9212	24.3067	25.6712	27.0942	28.5151	29.9123	31.3391	32.8084	34.2285	35.695	37.1648	38.5992	40.0047	41.4797	42.8759	44.3458	45.8778	47.4247	48.9257	50.5256	52.1542	53.7657	55.4639	57.0537	58.7198	60.3873	62.0749	63.7781	65.5037	67.245	69.0513	70.823
0	1.45148	2.78896	4.21386	5.61528	7.07158	8.57687	10.0664	11.6153	13.156	14.6641	16.0851	17.4934	18.931	20.3808	21.9041	23.3242	24.7285	26.1667	27.6273	29.0372	30.4633	31.9719	33.4928	35.0526	36.5447	38.0617	39.5102	41.0239	42.5552	44.0564	45.5437	46.9878	48.4783	49.9455	51.5184	53.1455	54.7822	56.3929	57.9946	59.567	61.2831	62.9532	64.5843	66.1824	67.7447	69.2673	70.6959	72.1301	73.4913
0	1.47516	2.93169	4.3927	5.87966	7.33724	8.79411	10.2795	11.7732	13.2017	14.6095	15.9409	17.2991	18.6484	19.9641	21.238	22.525	23.815	25.1488	26.498	27.844	29.165	30.4569	31.7471	33.0864	34.3831	35.7078	37.0428	38.3772	39.763	41.2393	42.684	44.073	45.4801	46.9211	48.3212	49.6756	51.093	52.5047	53.9032	55.3323	56.6892	58.0451	59.4365	60.8198	62.2434	63.6196	64.9697	66.4049	67.8604
0	1.42914	2.77065	4.09688	5.41144	6.6899	7.96402	9.3029	10.6391	11.9839	13.3142	14.7084	16.083	17.5026	18.9543	20.3727	21.8229	23.2132	24.6433	26.1272	27.6502	29.1196	30.5682	31.9993	33.4993	34.9708	36.4469	37.9666	39.4994	41.0334	42.5823	44.0957	45.6279	47.1406	48.6314	50.1214	51.6799	53.2446	54.7824	56.3021	57.8486	59.4473	61.0016	62.5942	64.1877	65.8052	67.4332	69.0786	70.7972	72.4664
0	1.46952	2.80617	4.18329	5.46688	6.69977	7.95734	9.22353	10.5131	11.7872	12.9769	14.1947	15.2957	16.4255	17.5776	18.8008	20.0755	21.3106	22.5447	23.7672	24.9973	26.2673	27.522	28.7943	30.0752	31.3431	32.658	33.99	35.258	36.4813	37.7274	38.9979	40.2003	41.4388	42.6441	43.9	45.19	46.4447	47.6532	48.8815	50.1126	51.3349	52.5232	53.7337	54.9967	56.2369	57.424	58.5245	59.6047	60.6264
0	1.44721	2.86507	4.25503	5.6283	6.99239	8.3448	9.6705	11.0233	12.3081	13.5979	14.9328	16.2733	17.5711	18.845	20.1071	21.3494	22.5495	23.7763	25.0498	26.3385	27.7273	29.1776	30.5912	31.9617	33.3236	34.6849	36.0192	37.3976	38.888	40.4135	41.9155	43.3644	44.8014	46.2196	47.5693	48.8855	50.1215	51.2792	52.4359	53.5856	54.7282	55.8569	56.9786	58.0905	59.1838	60.2788	61.4085	62.4921	63.5484
0	1.40025	2.75625	4.00149	5.29384	6.54776	7.82043	9.00682	10.1247	11.2301	12.281	13.3257	14.3483	15.3399	16.3031	17.315	18.297	19.2344	20.1608	21.1516	22.1846	23.2726	24.3646	25.4777	26.5376	27.6616	28.8618	30.0047	31.1158	32.2629	33.3966	34.5261	35.6581	36.7511	37.8842	39.0766	40.405	41.7268	43.0533	44.4298	45.8398	47.2416	48.6537	50.0732	51.5063	52.9293	54.352	55.7597	57.1817	58.679
0	1.46227	2.7801	4.14167	5.45611	6.717	7.95286	9.29059	10.6198	11.9622	13.2791	14.6359	15.9672	17.2827	18.5178	19.83	21.0754	22.3429	23.5955	24.8208	26.0469	27.3453	28.5966	29.7798	30.9536	32.1464	33.3409	34.5351	35.6943	36.8398	38.0197	39.2943	40.555	41.6913	42.7547	43.8073	44.9028	45.9668	47.0542	48.1193	49.143	50.1711	51.2881	52.3617	53.3855	54.4293	55.4736	56.5484	57.6691	58.746
0	1.40906	2.73429	4.05377	5.34867	6.65923	7.95532	9.2745	10.5198	11.819	13.0896	14.318	15.5729	16.8271	18.1179	19.4652	20.8001	22.0863	23.3846	24.67	25.9018	27.1337	28.3989	29.734	31.1129	32.5809	34.0597	35.542	36.9765	38.4004	39.806	41.1945	42.5468	43.8944	45.2961	46.6772	48.1496	49.6756	51.2816	52.8469	54.3826	55.9162	57.463	59.0507	60.6674	62.308	63.9473	65.554	67.1796	68.8296
0	1.45575	2.80926	4.03757	5.24184	6.4483	7.58417	8.71861	9.82392	10.9688	12.0717	13.2132	14.4578	15.6419	16.8673	18.0738	19.2908	20.5659	21.8841	23.2316	24.5644	25.9203	27.2636	28.6338	29.995	31.3683	32.6743	34.0197	35.3783	36.6924	38.0331	39.3931	40.7537	42.1372	43.4584	44.6935	45.9347	47.0515	48.1448	49.2179	50.2861	51.4018	52.5	53.6437	54.7613	55.8851	56.9858	58.0626	59.0921	60.1397
0	1.48618	2.88104	4.22111	5.5466	6.90527	8.1581	9.38519	10.5721	11.7886	13.0793	14.3761	15.6631	17.0009	18.3883	19.749	21.0944	22.5061	23.8282	25.1327	26.4163	27.6856	28.9995	30.2786	31.5734	32.958	34.2423	35.5742	36.9298	38.2995	39.6932	41.0357	42.2671	43.5462	44.8013	46.0644	47.4162	48.8111	50.1593	51.5119	52.9044	54.251	55.6047	56.9964	58.3339	59.6647	60.9983	62.3669	63.6952	64.963
0	1.42384	2.74698	4.03625	5.27539	6.46268	7.63564	8.81537	10.0122	11.2581	12.5441	13.8258	15.1514	16.4951	17.8793	19.2414	20.6353	22.1067	23.5853	25.0407	26.425	27.7875	29.1273	30.3814	31.6794	32.9744	34.2676	35.5747	36.8857	38.2209	39.475	40.8076	42.1803	43.4982	44.7905	46.0748	47.3143	48.5419	49.7305	50.9204	52.0786	53.2206	54.3883	55.5207	56.6427	57.7698	58.8418	59.9154	61.0668	62.2001
0	1.45087	2.7949	4.14573	5.43674	6.74227	8.02646	9.28924	10.5114	11.7708	13.0581	14.351	15.6068	16.8451	18.0959	19.3447	20.5595	21.7813	23.0484	24.3434	25.5869	26.8688	28.1663	29.4814	30.7931	32.1093	33.3593	34.631	35.8265	36.9886	38.007	39.0061	40.0862	41.178	42.2719	43.3788	44.5271	45.7245	46.9569	48.1941	49.4352	50.653	51.9089	53.2465	54.5402	55.8527	57.1972	58.5146	59.805	61.0891
0	1.43575	2.77378	4.08352	5.39871	6.69952	8.04356	9.39427	10.7162	12.0372	13.3164	14.627	15.8835	17.1474	18.3911	19.6916	20.9865	22.2484	23.5041	24.7457	25.9356	27.1954	28.4559	29.6619	30.8677	32.0431	33.2308	34.3801	35.4844	36.6214	37.7024	38.7845	39.8958	40.9467	41.9831	42.9794	43.9852	44.9574	45.9243	46.8631	47.7448	48.6006	49.4025	50.1607	50.9425	51.7003	52.4384	53.1791	53.9697	54.7302
0	1.48784	2.83157	4.08854	5.3236	6.54398	7.67554	8.84504	9.98517	11.1294	12.3256	13.5415	14.7352	15.8974	17.06	18.2296	19.3834	20.5323	21.7427	22.929	24.1152	25.3214	26.4678	27.5975	28.6824	29.8254	31.0613	32.3233	33.6209	34.921	36.1957	37.4423	38.7067	39.9121	41.1573	42.4095	43.6847	44.98	46.2844	47.5929	48.895	50.1749	51.5093	52.7571	53.9605	55.1628	56.3283	57.5507	58.7543	59.8779
0	1.44723	2.75057	4.09966	5.39993	6.77074	8.17749	9.57134	10.9895	12.2972	13.6192	14.8682	16.1149	17.3384	18.556	19.7884	21.047	22.3166	23.5426	24.7407	25.9934	27.2733	28.5733	29.8739	31.1821	32.4768	33.7883	35.1165	36.4086	37.7068	39.0097	40.2378	41.5288	42.7895	44.0797	45.4115	46.7517	48.0753	49.4372	50.8076	52.1357	53.437	54.7499	56.059	57.3644	58.6098	59.8451	61.0375	62.127	63.2154
0	1.40943	2.732	4.05656	5.37591	6.76124	8.04615	9.26318	10.4853	11.7342	12.9473	14.1855	15.3619	16.53	17.7504	19.0518	20.3372	21.614	22.9471	24.2366	25.5023	26.7605	27.968	29.2074	30.4422	31.6342	32.792	34.0057	35.1753	36.3449	37.5593	38.7635	39.9832	41.24	42.5093	43.8407	45.1483	46.5305	47.8494	49.1988	50.5079	51.8381	53.1141	54.3654	55.5343	56.7125	57.8856	59.1045	60.3254	61.5482
0	1.39429	2.69462	3.95751	5.25841	6.53132	7.75053	8.93345	10.1782	11.4611	12.7454	13.9526	15.2025	16.4969	17.7482	19.0192	20.3831	21.7332	23.0603	24.4186	25.7753	27.1385	28.4901	29.8773	31.2666	32.6674	34.029	35.364	36.6903	38.1231	39.5635	41.0181	42.4298	43.8855	45.4145	46.9601	48.5371	50.1511	51.7683	53.3534	54.9576	56.6032	58.2194	59.8794	61.5214	63.0698	64.5999	66.2447	67.9039	69.508
0	1.43241	2.72585	3.94111	5.17075	6.44834	7.70917	8.94048	10.1958	11.4835	12.7572	14.0341	15.3349	16.6036	17.8448	19.1194	20.4247	21.7393	23.0893	24.3568	25.6999	27.0744	28.351	29.7372	31.1108	32.4572	33.8601	35.2587	36.6452	38.0283	39.4736	41.0193	42.5692	44.0761	45.679	47.3145	48.8892	50.4814	52.1117	53.7263	55.3465	56.9792	58.6341	60.3874	62.1773	64.0186	65.8566	67.6653	69.5426	71.3564
0	1.40825	2.64036	3.91166	5.14612	6.35437	7.59236	8.84023	10.0443	11.2301	12.3902	13.5147	14.7321	15.97	17.1748	18.3994	19.5504	20.7674	21.9246	23.1397	24.2872	25.4026	26.5641	27.6907	28.8232	29.8787	30.9379	32.0019	33.0681	34.1047	35.1949	36.3054	37.4309	38.6184	39.7372	40.9217	42.1053	43.2356	44.4418	45.596	46.7146	47.8237	48.9602	50.0685	51.1111	52.1107	53.1369	54.2056	55.2485	56.3327
0	1.45626	2.83871	4.11983	5.42381	6.79576	8.15303	9.55074	11.0164	12.489	13.8669	15.2307	16.6533	18.1298	19.6046	21.0263	22.4801	23.8871	25.2058	26.5252	27.8449	29.1233	30.3753	31.6247	32.7964	33.9541	35.099	36.2917	37.4754	38.7481	39.9464	41.1293	42.3014	43.4778	44.6626	45.8598	47.0631	48.2814	49.5421	50.8102	52.104	53.3386	54.5508	55.7422	56.9561	58.2298	59.4568	60.6495	61.8417	63.0496
0	1.46471	2.85297	4.2242	5.48058	6.7853	8.087	9.402	10.6746	11.9512	13.2573	14.5578	15.8744	17.1033	18.2882	19.4881	20.7108	21.97	23.2076	24.4608	25.6939	26.9272	28.1927	29.4765	30.7376	31.9463	33.1602	34.4064	35.64	36.8579	38.0781	39.2828	40.5339	41.7854	43.0974	44.3667	45.672	47.0014	48.2435	49.4581	50.6961	51.9046	53.1364	54.3325	55.5869	56.8818	58.1168	59.2642	60.3775	61.5448
0	1.46496	2.74947	3.92025	5.0471	6.21204	7.44165	8.61036	9.79697	10.9748	12.1933	13.3897	14.6421	15.895	17.163	18.3827	19.6896	20.9706	22.3195	23.6687	25.017	26.3969	27.8677	29.2849	30.7435	32.2004	33.6368	35.0006	36.4092	37.8198	39.1563	40.5285	41.8032	43.0806	44.3628	45.7279	47.1218	48.4948	49.8408	51.2481	52.6309	53.978	55.3512	56.7222	58.041	59.4048	60.8115	62.1789	63.4719	64.6897
0	1.468	2.87225	4.3022	5.68137	7.06015	8.43337	9.82922	11.2349	12.6547	14.0913	15.4616	16.7397	18.0482	19.3909	20.755	22.1102	23.4447	24.8486	26.2728	27.675	28.9966	30.3473	31.7383	33.1742	34.6487	36.161	37.7145	39.2595	40.8091	42.4032	44.0562	45.7282	47.3265	48.9395	50.4791	52.042	53.631	55.2789	56.9287	58.5672	60.1871	61.7807	63.3871	64.9646	66.4824	68.0352	69.5364	71.0342	72.5286
0	1.46407	2.87385	4.24504	5.65616	7.07097	8.47615	9.90719	11.3478	12.7407	14.08	15.3969	16.7778	18.1505	19.5634	21.0179	22.5115	23.9702	25.4141	26.9024	28.3705	29.9075	31.4231	32.9371	34.4119	35.9236	37.4733	39.0213	40.6045	42.1601	43.7616	45.352	46.9816	48.6805	50.3098	51.8769	53.4858	55.1072	56.7012	58.2797	59.86	61.4758	63.077	64.6639	66.2907	67.9002	69.4918	71.0534	72.6124	74.1686
0	1.47351	2.80601	4.12934	5.49643	6.85677	8.19491	9.50703	10.7596	12.1293	13.5403	14.9011	16.2537	17.5963	18.8807	20.1693	21.5146	22.9221	24.3439	25.7629	27.2033	28.6788	30.1215	31.5045	32.8675	34.2959	35.6988	37.1336	38.5844	40.0173	41.3993	42.8077	44.2349	45.6245	47.0067	48.4087	49.7708	51.1411	52.5618	53.9921	55.3996	56.7997	58.2778	59.7323	61.2083	62.6505	64.0615	65.5078	66.9916	68.4953
0	1.43074	2.75185	4.0101	5.28681	6.60248	7.91396	9.24702	10.6053	11.9645	13.2725	14.6122	15.9695	17.3295	18.6558	20.0231	21.4684	22.8248	24.1911	25.5625	26.9397	28.2921	29.7	31.0993	32.496	33.9547	35.4233	36.943	38.3763	39.811	41.2495	42.7516	44.2405	45.7091	47.1548	48.5921	50.0403	51.4718	52.9559	54.4628	55.9234	57.3972	58.8716	60.3042	61.7178	63.1123	64.5057	65.921	67.2796	68.6328
0	1.40112	2.69215	3.99266	5.25956	6.53327	7.79119	9.06959	10.339	11.5482	12.7185	13.8904	15.0988	16.3174	17.4827	18.6589	19.8126	20.9213	22.027	23.079	24.0718	25.0737	26.1004	27.109	28.0644	29.0422	30.0438	30.9758	31.8884	32.757	33.6627	34.5366	35.4594	36.412	37.368	38.3529	39.3439	40.3249	41.3036	42.2634	43.1877	44.1265	45.0412	46.0444	46.9885	47.9414	48.9252	49.9265	50.8616	51.7915
0	1.43129	2.75043	4.02418	5.29272	6.48574	7.73973	9.0005	10.1812	11.3563	12.5074	13.7033	14.9023	16.0512	17.1811	18.2191	19.2782	20.3789	21.4239	22.4616	23.5421	24.6373	25.7435	26.9068	28.0989	29.3433	30.5762	31.856	33.1655	34.4428	35.7915	37.1141	38.4968	39.8532	41.1976	42.579	43.8687	45.1603	46.4809	47.8163	49.1995	50.5681	51.9024	53.2517	54.574	55.8887	57.2147	58.5061	59.8683	61.237
0	1.40437	2.84598	4.17843	5.57694	6.93765	8.30111	9.66116	10.9914	12.3516	13.7384	15.0968	16.4206	17.7201	19.054	20.4428	21.8732	23.3671	24.8206	26.2659	27.6704	29.0333	30.3711	31.7693	33.1465	34.5144	35.8563	37.2129	38.5655	39.8895	41.1977	42.5077	43.7906	45.1081	46.455	47.7266	48.9698	50.2707	51.5206	52.8188	54.0698	55.3585	56.6455	58.0057	59.3997	60.7915	62.1653	63.5004	64.7915	66.0625
0	1.40393	2.72572	4.03005	5.37763	6.75886	8.09524	9.428	10.7826	12.1423	13.5225	14.9841	16.4397	17.8596	19.2108	20.6416	22.0197	23.4095	24.7	26.0457	27.4629	28.9525	30.4143	31.7888	33.2075	34.6265	35.9791	37.3155	38.6365	39.9765	41.3394	42.7379	44.1274	45.4257	46.7385	48.0859	49.3742	50.6578	52.0235	53.3932	54.7435	56.1228	57.5508	58.9676	60.4105	61.88	63.3529	64.8554	66.3018	67.7845
0	1.43579	2.76426	4.02291	5.2673	6.55054	7.78667	8.95295	10.0406	11.1393	12.2068	13.242	14.2115	15.1466	16.142	17.1014	18.0331	18.9803	19.9037	20.8997	21.8927	22.8433	23.7222	24.6057	25.4575	26.3258	27.2018	28.0497	28.9485	29.7702	30.6423	31.4374	32.2659	33.0759	33.8975	34.6769	35.4987	36.3168	37.1462	38.0024	38.874	39.6936	40.5241	41.3737	42.2446	43.1306	44.1104	45.0863	46.0418	47.0588
0	1.41111	2.75136	4.10539	5.48527	6.90716	8.33466	9.83796	11.3912	12.9169	14.4321	15.9368	17.4796	19.0076	20.6024	22.1782	23.7969	25.4231	27.0411	28.6595	30.2337	31.8577	33.4446	35.0921	36.7786	38.4696	40.1522	41.8214	43.4767	45.1259	46.761	48.4011	50.1036	51.7869	53.4888	55.22	56.9259	58.7102	60.5791	62.412	64.3252	66.2406	68.1774	70.1114	72.0704	74.0805	76.0661	78.0786	80.0845	82.1405
0	1.45742	2.90752	4.40811	5.85562	7.39295	8.93444	10.5869	12.2621	13.9181	15.5956	17.2428	18.925	20.5843	22.2938	24.0379	25.8383	27.711	29.6174	31.4776	33.3906	35.3004	37.1639	39.0312	40.89	42.6606	44.3743	46.0814	47.723	49.3416	50.9525	52.5573	54.1522	55.7103	57.2641	58.7809	60.2042	61.6259	63.0424	64.4586	65.8704	67.2603	68.6149	69.9346	71.2639	72.6411	74.044	75.547	77.0225	78.5006
0	1.45213	2.89191	4.30071	5.67241	7.0596	8.39184	9.73826	11.0805	12.4002	13.6855	14.9849	16.304	17.6659	19.0276	20.3942	21.7438	23.12	24.5128	25.8912	27.3417	28.7424	30.1644	31.6113	33.0402	34.4154	35.8254	37.2808	38.8613	40.3758	41.8294	43.3512	44.8868	46.4567	47.9722	49.5255	51.0504	52.5682	54.0443	55.5261	56.9809	58.3982	59.7597	61.1032	62.4897	63.9332	65.3671	66.813	68.2677	69.7611
0	1.44188	2.81622	4.14889	5.45838	6.75322	8.01381	9.27291	10.6018	11.9533	13.261	14.4998	15.6896	16.8551	18.0199	19.2568	20.5911	21.9212	23.1879	24.3928	25.5874	26.8265	28.0808	29.3709	30.6612	31.8841	33.1042	34.2695	35.5703	36.7931	38.0761	39.3637	40.7185	42.0607	43.479	44.8065	46.13	47.4595	48.7879	50.0462	51.2758	52.4302	53.652	54.8358	56.1042	57.4038	58.6535	59.9137	61.1307	62.3859
0	1.45016	2.78674	4.14025	5.48191	6.77819	8.05004	9.22187	10.461	11.6491	12.8124	13.918	15.0409	16.0929	17.1005	18.1391	19.1746	20.3138	21.4824	22.6698	23.8421	25.0026	26.1944	27.3397	28.445	29.5243	30.698	31.8648	33.0446	34.1935	35.2956	36.4075	37.5174	38.6093	39.8301	41.019	42.1717	43.3839	44.5936	45.8018	46.9918	48.1658	49.3418	50.5297	51.7104	52.9689	54.0706	55.1303	56.1885	57.2843
0	1.43632	2.82492	4.19468	5.58534	6.91202	8.23832	9.53898	10.8281	12.1441	13.4124	14.695	16.0092	17.3667	18.6828	20.05	21.4468	22.8133	24.2045	25.6146	27.0257	28.4765	29.9343	31.3572	32.8031	34.2475	35.6649	37.0904	38.4385	39.7736	41.091	42.3837	43.6949	45.0578	46.42	47.7804	49.1767	50.5293	51.8947	53.3039	54.6495	56.0784	57.5093	58.9271	60.3752	61.7938	63.2669	64.7235	66.1395	67.6016
0	1.3933	2.73432	4.07113	5.39136	6.72185	8.04265	9.40549	10.7536	12.0248	13.2758	14.5176	15.796	17.1448	18.5	19.9366	21.2541	22.4782	23.7423	25.0086	26.3662	27.749	29.1557	30.5254	31.9234	33.3218	34.7484	36.0581	37.3489	38.6821	40.0392	41.4494	42.8445	44.2346	45.6956	47.1006	48.5108	49.8568	51.1873	52.4825	53.7693	55.0439	56.2939	57.5535	58.7954	60.0637	61.2776	62.5533	63.849	65.1404
0	1.46573	2.79873	4.0994	5.4224	6.76443	8.1711	9.54261	10.8728	12.2075	13.6017	15.0128	16.4317	17.8241	19.2027	20.5738	21.9131	23.2441	24.5878	25.9211	27.2611	28.6251	29.9955	31.3781	32.7657	34.1668	35.4759	36.7078	37.9175	39.0422	40.1521	41.3292	42.5375	43.7198	44.9308	46.0866	47.2836	48.5373	49.7502	51.0046	52.2429	53.5216	54.8427	56.1705	57.5492	58.8801	60.1332	61.3922	62.7351	64.0809
0	1.45303	2.74793	4.00006	5.15831	6.32978	7.5597	8.71117	9.80544	10.899	11.9842	13.0599	14.1412	15.2658	16.4564	17.6706	18.8543	20.007	21.2175	22.4206	23.7101	24.8649	26.0264	27.1826	28.3571	29.566	30.8398	32.0925	33.3246	34.5371	35.7927	37.0675	38.3514	39.6049	40.874	42.1166	43.3181	44.5186	45.7187	46.9088	48.047	49.1999	50.3915	51.5395	52.6011	53.6824	54.7586	55.9132	57.0281	58.1635
0	1.38121	2.72865	4.02467	5.31689	6.58541	7.87326	9.09688	10.3896	11.6986	13.0327	14.4099	15.8464	17.2419	18.5918	19.929	21.3042	22.621	23.9721	25.3436	26.7462	28.2157	29.6437	31.0945	32.4226	33.7702	35.0418	36.2534	37.4905	38.6729	39.8945	41.0844	42.2229	43.3434	44.4524	45.6019	46.7285	47.8249	48.903	49.9731	51.0577	52.1546	53.2543	54.3365	55.4257	56.4882	57.4799	58.4336	59.3493	60.3161
0	1.45838	2.78016	4.08362	5.36715	6.64894	7.94592	9.24654	10.5439	11.7666	13.0115	14.1753	15.4397	16.7138	17.9853	19.2552	20.5648	21.872	23.2238	24.5684	25.9599	27.4074	28.8202	30.19	31.5225	32.8988	34.3471	35.8028	37.2292	38.648	40.0822	41.517	42.9125	44.3225	45.7061	47.1215	48.5379	50.0664	51.6254	53.1306	54.6292	56.0756	57.5301	58.9999	60.5418	62.0841	63.6244	65.1797	66.7075	68.1619
0	1.36308	2.66137	3.94678	5.128	6.29055	7.39256	8.50413	9.62934	10.7705	11.8459	12.8948	13.948	15.0024	16.0174	17.0393	18.0576	19.0808	20.0894	21.1037	22.1293	23.1533	24.1588	25.1698	26.1574	27.2124	28.1731	29.1179	30.1248	31.1297	32.0879	33.004	33.8845	34.7669	35.6688	36.5348	37.3764	38.1692	39.0189	39.8949	40.7481	41.5844	42.3785	43.1843	43.9693	44.6829	45.3675	46.0112	46.6546	47.2922
0	1.45611	2.79601	4.05985	5.29237	6.50253	7.72666	8.88624	10.0198	11.1694	12.3434	13.4951	14.53	15.5491	16.5751	17.6322	18.6937	19.6568	20.6246	21.6006	22.596	23.5903	24.6495	25.8254	27.0757	28.324	29.553	30.7679	31.9747	33.2639	34.6075	35.9617	37.3415	38.783	40.2203	41.672	43.1392	44.5855	46.059	47.4976	48.9319	50.3268	51.6634	52.9855	54.2897	55.5516	56.8646	58.1673	59.4636	60.7731
0	1.45929	2.82148	4.18217	5.52519	6.89281	8.31325	9.78395	11.1898	12.6803	14.1743	15.6616	17.1865	18.692	20.2221	21.7284	23.1816	24.6704	26.1224	27.6137	29.0517	30.4607	31.8898	33.3069	34.7218	36.1162	37.5085	38.9559	40.4238	41.9657	43.4839	44.9314	46.3872	47.8491	49.3249	50.8336	52.3058	53.7526	55.2262	56.7403	58.2915	59.8617	61.4251	62.9298	64.4447	65.9231	67.4115	68.9227	70.3684	71.8506
0	1.48657	2.84471	4.13871	5.45337	6.69766	7.94219	9.11838	10.2487	11.4193	12.5786	13.8246	15.0464	16.3302	17.5659	18.765	19.9644	21.1838	22.4086	23.608	24.837	26.1301	27.4456	28.7711	30.0929	31.4308	32.7642	34.0697	35.3638	36.6594	37.9473	39.2218	40.4591	41.7167	42.9129	44.1194	45.3917	46.704	47.9714	49.2675	50.5942	51.9329	53.2842	54.622	55.9521	57.2896	58.5627	59.8567	61.1959	62.4454
0	1.46276	2.8013	4.10155	5.40233	6.71923	8.03517	9.25073	10.5372	11.7597	12.9642	14.2447	15.4827	16.6774	17.8845	19.1212	20.3662	21.5886	22.8281	24.0416	25.202	26.3366	27.4934	28.6512	29.787	30.9196	32.0464	33.2126	34.3571	35.5387	36.7093	37.8415	38.932	40.0495	41.113	42.1584	43.1344	44.1477	45.1456	46.2332	47.3108	48.3791	49.4759	50.6076	51.7902	52.9389	54.1394	55.3433	56.5789	57.7971
0	1.4242	2.78053	4.13965	5.47801	6.77856	8.08269	9.38805	10.6562	11.9678	13.3245	14.6975	16.0622	17.4397	18.9207	20.3562	21.8232	23.2193	24.619	26.0602	27.4928	28.8501	30.2179	31.6387	33.1016	34.5878	36.0617	37.4702	38.899	40.2995	41.7185	43.1214	44.4871	45.8773	47.3079	48.6828	50.0947	51.5605	53.0604	54.5049	55.9876	57.45	58.9072	60.3364	61.721	63.0333	64.3854	65.7115	67.0142	68.334
0	1.46134	2.84044	4.14185	5.44075	6.8067	8.27222	9.71661	11.1902	12.6117	14.1004	15.5658	17.0167	18.4783	19.9979	21.569	23.1575	24.7889	26.3501	27.9078	29.4245	30.9319	32.4748	34.0486	35.5581	37.0339	38.5606	40.0512	41.558	43.1484	44.7328	46.3523	47.8989	49.4545	51.0439	52.6812	54.3834	56.0144	57.697	59.4148	61.1259	62.8695	64.5172	66.1133	67.7327	69.3654	70.9508	72.5318	74.1659	75.7659
0	1.44682	2.79374	4.07322	5.32508	6.58871	7.84464	9.05448	10.2683	11.4706	12.6643	13.861	15.1279	16.3074	17.4426	18.5215	19.698	20.8739	22.0214	23.1938	24.4255	25.6035	26.8114	28.0578	29.3161	30.5209	31.7878	33.045	34.2499	35.4683	36.7372	37.9582	39.2158	40.4961	41.8125	43.1406	44.4686	45.8166	47.2284	48.6606	50.0834	51.4969	52.8904	54.3297	55.7444	57.1657	58.5985	60.1028	61.5988	63.1011
0	1.44534	2.69325	3.92353	5.09689	6.24423	7.37353	8.53539	9.64578	10.7583	11.8602	12.9049	13.9895	15.087	16.1046	17.1568	18.2515	19.3875	20.4957	21.5924	22.6479	23.7088	24.7681	25.7973	26.8885	28.0151	29.1932	30.3251	31.4391	32.5247	33.693	34.7994	35.8792	37.0552	38.2465	39.4879	40.7296	41.8975	43.087	44.2644	45.4198	46.5928	47.7458	48.9198	50.1416	51.3783	52.6747	53.9852	55.2777	56.5683
0	1.45011	2.91172	4.2663	5.69563	7.06881	8.45533	9.88102	11.3003	12.7926	14.2279	15.6232	17.0466	18.4802	19.9383	21.3363	22.7732	24.2877	25.6933	27.1354	28.6022	30.0422	31.492	32.9215	34.4237	35.9458	37.4681	39.0001	40.5504	42.1761	43.8026	45.3771	46.9028	48.4511	49.9701	51.4626	52.9648	54.3944	55.858	57.3739	58.907	60.4287	61.8616	63.3269	64.8258	66.3675	67.9247	69.4532	71.0133	72.6262
0	1.44906	2.75544	3.97874	5.23469	6.44841	7.652	8.87399	10.1215	11.3347	12.5199	13.6752	14.8369	15.9792	17.1211	18.2707	19.3807	20.558	21.7063	22.8486	24.0156	25.1157	26.2022	27.3058	28.403	29.5	30.5994	31.6624	32.7512	33.8161	34.9165	36.0162	37.1302	38.2074	39.2492	40.2214	41.2051	42.1564	43.1177	44.1082	45.08	46.0869	47.0323	47.9856	49.0006	50.1086	51.2108	52.3332	53.4364	54.5809
0	1.44664	2.87271	4.26422	5.62699	7.00289	8.36723	9.72691	11.1168	12.4358	13.7147	15.0579	16.4125	17.687	18.9416	20.2397	21.497	22.7121	23.9697	25.1935	26.4179	27.6828	28.9575	30.2129	31.4767	32.8131	34.175	35.5343	36.8725	38.147	39.4107	40.685	41.968	43.2268	44.4565	45.6946	46.8452	48.0257	49.2392	50.4516	51.5822	52.6834	53.6794	54.6713	55.5907	56.5197	57.3957	58.2031	59.0238	59.9295
0	1.41277	2.67959	3.91491	5.17495	6.41704	7.70497	8.94099	10.1657	11.4159	12.6796	13.9532	15.2656	16.5586	17.8645	19.2195	20.6005	22.0528	23.4315	24.8048	26.1667	27.5485	28.8667	30.1476	31.3878	32.6084	33.8453	35.098	36.3095	37.4764	38.6698	39.8863	41.0994	42.2682	43.4112	44.5806	45.7809	46.9244	48.0966	49.329	50.593	51.9012	53.2062	54.4966	55.7828	57.1217	58.5306	59.8957	61.2209	62.5867
0	1.46561	2.82683	4.14327	5.4732	6.80893	8.13168	9.53234	10.9389	12.3215	13.6543	14.9473	16.2069	17.4642	18.6974	19.9889	21.3064	22.6479	24.0272	25.3049	26.7026	28.1435	29.5787	30.9914	32.3793	33.7796	35.0948	36.4375	37.8457	39.2368	40.6494	42.0394	43.4452	44.8904	46.2884	47.6924	49.0798	50.5142	51.9958	53.5592	55.1171	56.7689	58.4233	60.1424	61.8853	63.6444	65.3954	67.1357	68.7786	70.5267
0	1.43416	2.80003	4.13906	5.45416	6.71206	7.93864	9.08584	10.2386	11.4025	12.5691	13.7696	14.8504	15.947	17.0147	18.0818	19.2041	20.3384	21.4715	22.5491	23.5907	24.59	25.6251	26.6159	27.5688	28.502	29.4099	30.3178	31.2794	32.2969	33.3778	34.4684	35.6485	36.7888	37.9118	39.0023	40.0477	41.0513	42.1316	43.2345	44.3065	45.3948	46.5338	47.6638	48.7644	49.8986	51.0192	52.1668	53.2662	54.3196
0	1.45082	2.75373	4.01571	5.30984	6.57797	7.9132	9.23047	10.5266	11.8381	13.1324	14.3768	15.5399	16.6881	17.9499	19.1536	20.4363	21.685	22.8837	24.0833	25.2103	26.3567	27.5128	28.6551	29.9184	31.1645	32.3852	33.6331	34.8778	36.1645	37.433	38.6934	40.023	41.3701	42.6558	43.9381	45.2714	46.5516	47.7693	49.0796	50.398	51.6525	52.9131	54.1378	55.2848	56.4568	57.6873	58.9132	60.1506	61.3021
0	1.44291	2.7533	4.01171	5.21794	6.45888	7.75316	9.05323	10.3957	11.7508	13.0976	14.475	15.8163	17.2029	18.6145	20.0763	21.5469	23.0337	24.5216	26.1379	27.7232	29.2717	30.814	32.2841	33.7742	35.2058	36.625	38.0567	39.4563	40.8968	42.3856	43.8699	45.3227	46.7316	48.1643	49.5869	50.9651	52.4169	53.9188	55.3664	56.8073	58.2546	59.722	61.2254	62.7192	64.2139	65.7102	67.2193	68.7567	70.347
0	1.43938	2.75028	4.03693	5.34397	6.65221	7.93956	9.22435	10.4755	11.7252	12.8609	13.963	15.0686	16.1626	17.29	18.4215	19.5632	20.7019	21.8844	22.9924	24.1495	25.3261	26.4684	27.5388	28.6436	29.7496	30.9078	32.0591	33.305	34.4914	35.7139	36.9091	38.1246	39.4126	40.6732	41.9764	43.2474	44.4749	45.6807	46.9174	48.1547	49.3632	50.5702	51.7475	52.9194	54.0227	55.1511	56.3436	57.4551	58.5492
0	1.46815	2.83446	4.18834	5.52246	6.85828	8.24329	9.63867	11.0338	12.3621	13.6563	14.996	16.2882	17.5883	18.8781	20.1097	21.353	22.5792	23.8081	24.9358	26.1323	27.3511	28.5362	29.7542	30.936	32.1165	33.4012	34.622	35.7849	36.9689	38.1223	39.2325	40.3474	41.4795	42.5878	43.666	44.7077	45.7933	46.8547	47.8758	48.9087	49.9469	50.9914	52.0646	53.0963	54.1174	55.1417	56.1488	57.091	58.1001
0	1.46006	2.79847	4.14339	5.54181	7.02116	8.49211	10.0628	11.6195	13.1286	14.5815	15.9954	17.4115	18.8712	20.3363	21.867	23.414	25.0002	26.5866	28.1084	29.672	31.2361	32.7595	34.2893	35.8103	37.3637	38.9463	40.5653	42.2098	43.9305	45.6643	47.4158	49.1426	50.8752	52.6798	54.445	56.207	58.0362	59.8196	61.6278	63.4086	65.1905	66.9864	68.7807	70.542	72.2927	74.081	75.8099	77.5053	79.1886
0	1.44667	2.77521	4.01733	5.14489	6.265	7.42034	8.58191	9.7425	10.8789	12.0242	13.1664	14.3517	15.534	16.6734	17.8364	19.0691	20.3202	21.5538	22.8148	24.1397	25.4638	26.7763	28.1837	29.5845	30.9677	32.3477	33.6666	35.0021	36.3882	37.789	39.2252	40.6607	42.0816	43.4799	44.8883	46.3059	47.69	49.1696	50.7109	52.2178	53.7358	55.2861	56.8094	58.3	59.765	61.1696	62.6557	64.1374	65.6088
0	1.46771	2.86673	4.17657	5.59149	7.03566	8.43793	9.81877	11.2549	12.6811	14.046	15.495	16.9639	18.3432	19.7403	21.1648	22.6485	24.1002	25.4842	26.863	28.158	29.4698	30.8069	32.1572	33.5704	35.0009	36.3936	37.7862	39.1991	40.5597	41.9027	43.2891	44.6541	46.063	47.5087	49.0031	50.5388	52.1062	53.652	55.1212	56.5508	58.0252	59.5044	60.9867	62.5434	64.0934	65.6114	67.1293	68.6644	70.1487
0	1.44864	2.77286	4.03627	5.22391	6.26908	7.30822	8.36888	9.42824	10.4732	11.5952	12.6845	13.7296	14.7918	15.8547	16.8659	17.8712	18.8812	19.92	21.0212	22.1074	23.145	24.1849	25.2157	26.2329	27.2409	28.2246	29.1642	30.1304	31.0319	31.9781	32.9818	33.9832	35.0026	36.0185	36.9761	37.9059	38.7791	39.6615	40.5504	41.4838	42.4231	43.3653	44.3075	45.2514	46.2189	47.1506	48.0968	49.0386	49.9876
0	1.46893	2.78681	4.06797	5.35315	6.64186	7.94869	9.20742	10.5884	11.9837	13.3712	14.7146	16.1039	17.5337	19.0153	20.5201	22.0357	23.5258	25.032	26.5446	28.021	29.6087	31.1892	32.8171	34.3776	35.9324	37.4625	38.9601	40.4142	41.8883	43.359	44.8262	46.2869	47.6977	49.1792	50.645	52.022	53.4464	54.9246	56.299	57.7141	59.1504	60.5552	62.0328	63.5146	64.9785	66.3933	67.7932	69.242	70.6483
0	1.43944	2.80535	4.17397	5.53082	6.85892	8.24467	9.54384	10.8487	12.1488	13.4122	14.647	15.9177	17.2269	18.5385	19.8192	21.1344	22.4233	23.7284	24.9861	26.1495	27.3307	28.5741	29.7497	31.0339	32.2581	33.5137	34.7841	36.0883	37.443	38.8131	40.2103	41.5893	42.9222	44.235	45.5637	46.8782	48.1575	49.419	50.6979	51.9531	53.2172	54.5218	55.8032	57.1205	58.4321	59.7438	61.0798	62.4262	63.8021
0	1.49289	2.88555	4.2486	5.61893	7.02488	8.41903	9.78894	11.1908	12.6311	14.0539	15.5346	17.0705	18.6522	20.273	21.8427	23.4095	24.9673	26.5605	28.032	29.4603	30.8568	32.28	33.6229	34.9546	36.2451	37.5482	38.8667	40.1955	41.4781	42.8479	44.2208	45.4747	46.7211	48.0044	49.3707	50.691	51.9946	53.3658	54.7373	56.1206	57.4471	58.7587	60.0635	61.342	62.6409	63.9188	65.2225	66.4938	67.8207
0	1.44768	2.82418	4.17815	5.50731	6.82929	8.17273	9.46885	10.7702	12.0972	13.4656	14.8743	16.1782	17.4259	18.6548	19.8046	20.8764	21.8822	22.8621	23.8645	24.8361	25.8608	26.8841	27.9872	29.0713	30.1598	31.2699	32.3453	33.3947	34.4398	35.4357	36.4336	37.3737	38.305	39.2027	40.1089	41.0903	42.0125	42.8818	43.6694	44.4307	45.2167	45.9746	46.7488	47.5341	48.3275	49.0961	49.7916	50.4825	51.1683
0	1.4741	2.9259	4.38964	5.87456	7.28929	8.6643	10.0389	11.4835	12.8918	14.265	15.5905	16.8977	18.2283	19.5363	20.7724	22.0293	23.3254	24.5821	25.8407	27.167	28.4467	29.8245	31.1964	32.5156	33.9265	35.3181	36.675	37.9864	39.3405	40.714	42.0798	43.4581	44.8258	46.2392	47.5993	49.0153	50.4161	51.839	53.3003	54.7392	56.2199	57.728	59.2144	60.7445	62.2588	63.743	65.2031	66.6887	68.1842
0	1.429	2.76096	4.05971	5.31949	6.58484	7.75719	8.94144	10.1467	11.4255	12.7697	14.0344	15.2878	16.5141	17.6949	18.9158	20.1906	21.4028	22.6208	23.8084	24.9878	26.1305	27.3161	28.5546	29.852	31.1203	32.3671	33.6471	34.8844	36.117	37.3992	38.6657	39.9507	41.1543	42.3335	43.5712	44.8069	46.0025	47.173	48.307	49.3746	50.429	51.5385	52.6506	53.7691	54.9388	56.1906	57.353	58.4608	59.5518
0	1.44272	2.81925	4.15353	5.40214	6.61074	7.90102	9.18543	10.4924	11.8161	13.1363	14.5226	15.9191	17.2707	18.5522	19.8217	21.1075	22.3294	23.5462	24.7348	25.9538	27.1945	28.4445	29.6472	30.7953	31.9539	33.1188	34.2897	35.454	36.5941	37.715	38.8384	39.9968	41.1508	42.2851	43.3953	44.5032	45.6271	46.7242	47.815	48.929	50.0719	51.2064	52.2778	53.3147	54.3115	55.3153	56.3504	57.4216	58.4925
0	1.38931	2.6616	3.92545	5.13409	6.32039	7.50634	8.66727	9.78233	10.9139	12.0445	13.193	14.4133	15.6078	16.8174	18.0119	19.1981	20.3282	21.4615	22.5121	23.5779	24.6218	25.6729	26.6969	27.7797	28.8709	29.9376	31.0665	32.259	33.444	34.6235	35.8576	37.0171	38.2241	39.4581	40.7325	41.9958	43.2941	44.5199	45.7952	47.0793	48.3521	49.6212	50.9077	52.1797	53.4986	54.8219	56.085	57.3355	58.5327
0	1.44164	2.80853	4.13839	5.39887	6.71646	8.01396	9.26955	10.5121	11.7634	13.1209	14.544	15.9346	17.2941	18.6981	20.0859	21.4209	22.7573	24.0825	25.3766	26.6623	27.8793	28.9871	30.1377	31.226	32.2884	33.2912	34.2261	35.1575	36.0821	37.0191	37.9911	38.9177	39.7455	40.5303	41.3182	42.0503	42.7566	43.4054	44.0649	44.7749	45.4542	46.1258	46.8038	47.4212	48.0559	48.6947	49.3358	49.94	50.5143
0	1.44955	2.84259	4.16537	5.4719	6.75488	8.03703	9.35658	10.7633	12.1795	13.5833	14.9744	16.3582	17.719	19.0776	20.3645	21.7027	22.9984	24.2418	25.4545	26.5891	27.7876	28.984	30.1789	31.3539	32.5348	33.7307	34.9396	36.1756	37.4182	38.7305	40.1238	41.5303	42.8954	44.2718	45.6232	46.9922	48.3876	49.8197	51.2813	52.7108	54.0952	55.467	56.7649	58.0487	59.3013	60.6236	61.9727	63.3727	64.786
0	1.38483	2.71076	4.02488	5.38735	6.69469	7.97182	9.26009	10.5444	11.746	12.9444	14.0932	15.2846	16.5004	17.7342	18.9574	20.1125	21.2917	22.4537	23.5796	24.6865	25.842	26.9976	28.1305	29.2049	30.2305	31.2747	32.3025	33.3183	34.2967	35.2432	36.1837	37.0817	38.0005	38.9235	39.8488	40.8259	41.7924	42.762	43.779	44.8302	45.9016	47.024	48.1163	49.2037	50.3172	51.4409	52.582	53.7939	55.0191
0	1.41423	2.69911	3.95965	5.21175	6.4811	7.80212	9.16299	10.5521	11.9399	13.3308	14.6965	16.1079	17.5561	18.9679	20.3594	21.7399	23.1596	24.5268	25.9692	27.377	28.8346	30.2595	31.6786	33.1547	34.6168	36.1122	37.6339	39.1407	40.7191	42.2883	43.8719	45.509	47.0824	48.7331	50.3798	52.056	53.7107	55.384	56.9476	58.5647	60.2517	61.8614	63.4288	64.9857	66.5062	68.0577	69.6651	71.2648	72.8609
0	1.41101	2.70359	4.02144	5.26784	6.45819	7.65596	8.86627	10.047	11.3102	12.5484	13.8371	15.115	16.413	17.7003	18.9316	20.156	21.3566	22.5743	23.7643	24.9168	26.1348	27.2961	28.4927	29.7893	31.0842	32.3196	33.5777	34.8369	36.1222	37.391	38.6733	39.9513	41.2607	42.5959	43.925	45.2827	46.6395	47.9831	49.3453	50.6732	51.9562	53.1876	54.3999	55.6687	56.8978	58.2549	59.5339	60.808	62.0421
0	1.41324	2.71808	3.988	5.2277	6.47427	7.72524	8.98798	10.1629	11.3993	12.6101	13.8575	15.1146	16.3615	17.5839	18.7922	20.0674	21.3562	22.694	24.1251	25.5154	26.8202	28.154	29.4462	30.7194	31.9979	33.2761	34.5727	35.9245	37.2658	38.6317	40.0034	41.3427	42.6982	44.0558	45.4265	46.8516	48.328	49.8065	51.2616	52.6695	54.0458	55.3665	56.7238	58.0736	59.4794	60.9032	62.3732	63.8444	65.285
0	1.42098	2.73514	4.08359	5.39944	6.70458	7.98398	9.30344	10.602	11.8968	13.1167	14.3079	15.4745	16.6095	17.7741	18.9567	20.1997	21.4275	22.645	23.8521	25.0801	26.3322	27.5256	28.702	29.8177	30.9571	32.1113	33.2607	34.4141	35.5362	36.6773	37.817	38.9446	40.1003	41.1678	42.2124	43.2794	44.4113	45.474	46.4931	47.4353	48.3142	49.2349	50.2025	51.1877	52.1521	53.162	54.1511	55.1204	56.1235
0	1.41966	2.74531	4.0187	5.26268	6.51749	7.76631	9.00188	10.1815	11.4002	12.5127	13.6125	14.655	15.6711	16.642	17.6034	18.6769	19.7535	20.8836	22.0654	23.2158	24.3681	25.5446	26.7673	28.0115	29.2645	30.5024	31.7232	32.9109	34.0638	35.273	36.4696	37.5821	38.6619	39.7661	40.8312	41.8615	42.8457	43.8836	44.9522	45.9776	47.0283	48.1037	49.1365	50.2497	51.3238	52.4538	53.5601	54.7021	55.8811
0	1.44667	2.7959	4.16315	5.44188	6.69568	7.92492	9.14302	10.305	11.4584	12.6591	13.8638	15.0369	16.2204	17.4206	18.5492	19.629	20.7595	21.9242	23.0645	24.1975	25.2632	26.2767	27.3178	28.4262	29.5128	30.5844	31.6244	32.7083	33.8342	34.9454	36.0651	37.2207	38.3111	39.3948	40.4944	41.6107	42.7195	43.8386	44.9516	46.1028	47.2531	48.4155	49.5845	50.7841	51.9773	53.1812	54.3937	55.5065	56.5752
0	1.45073	2.87894	4.28613	5.69756	7.06273	8.5262	9.99333	11.4666	12.8819	14.3586	15.914	17.4701	18.9451	20.432	21.898	23.3868	24.8205	26.2071	27.5231	28.8548	30.2683	31.7218	33.2077	34.6397	36.0022	37.3417	38.6793	40.0594	41.4695	42.9107	44.3569	45.8387	47.2621	48.6935	50.0659	51.4332	52.758	54.09	55.3394	56.5572	57.7801	58.967	60.2291	61.4597	62.6543	63.8669	65.0441	66.2511	67.4326
0	1.46686	2.88283	4.24736	5.60944	7.01809	8.39775	9.72106	11.0511	12.3892	13.7256	15.082	16.4256	17.7593	19.0687	20.359	21.675	22.8895	24.0757	25.2132	26.2677	27.3472	28.4194	29.5386	30.645	31.8062	32.9838	34.2191	35.4238	36.6346	37.8962	39.2254	40.5406	41.8615	43.1432	44.4215	45.7613	47.1048	48.4806	49.8775	51.3363	52.8067	54.3216	55.8879	57.3908	58.9725	60.5978	62.2327	63.8422	65.5165
0	1.4178	2.74946	4.08213	5.39559	6.73843	8.0281	9.27347	10.5745	11.9461	13.3609	14.8075	16.2293	17.6253	19.0421	20.4564	21.82	23.1131	24.4703	25.8473	27.2164	28.5563	29.9398	31.3617	32.7837	34.1493	35.4698	36.8295	38.2274	39.6264	41.0073	42.4069	43.7484	45.0722	46.3428	47.6132	48.9208	50.2246	51.5504	52.8311	54.106	55.4049	56.6837	57.9556	59.2291	60.4814	61.7384	62.8938	64.1188	65.3206
0	1.48909	2.84872	4.2011	5.51785	6.88331	8.29444	9.70704	11.1064	12.4763	13.7696	15.1433	16.421	17.6597	18.8546	20.026	21.2123	22.3783	23.5301	24.6845	25.7677	26.9187	28.0501	29.1828	30.4034	31.6473	32.9512	34.2744	35.5699	36.9223	38.2631	39.6166	40.9435	42.3064	43.676	45.0197	46.3822	47.7171	49.0381	50.376	51.676	53.0024	54.3468	55.6572	56.9815	58.3306	59.6897	61.0366	62.3807	63.7985
0	1.44435	2.77099	4.05207	5.33942	6.66905	7.95234	9.2858	10.6248	11.9779	13.3158	14.7052	16.1389	17.5794	19.0382	20.5436	22.0595	23.5664	25.0934	26.6263	28.1728	29.6983	31.208	32.7465	34.247	35.7414	37.248	38.7611	40.2724	41.7555	43.2971	44.8866	46.4507	48.0274	49.6431	51.2963	52.9075	54.4867	56.0769	57.6072	59.1475	60.6482	62.1402	63.5994	64.9645	66.2809	67.5756	68.9042	70.2949	71.7349
0	1.46863	2.84799	4.22414	5.53562	6.89618	8.19649	9.51343	10.8183	12.0852	13.3561	14.54	15.6629	16.7335	17.7956	18.8411	19.8642	20.9692	22.001	23.0536	24.055	25.0469	26.0108	26.9607	27.9896	29.0149	30.0367	30.9881	31.9351	32.9026	33.9541	35.0195	36.1529	37.2393	38.3352	39.4572	40.6422	41.8409	43.0143	44.2381	45.4292	46.5886	47.7016	48.8261	49.9881	51.1088	52.2978	53.4779	54.628	55.7237
0	1.46298	2.87285	4.25422	5.67562	7.13412	8.56145	10.0576	11.6432	13.2719	14.9008	16.526	18.1209	19.7155	21.3142	22.924	24.5487	26.1228	27.6229	29.0793	30.5232	32.0288	33.481	34.9399	36.369	37.7728	39.1485	40.6013	41.9631	43.3991	44.8093	46.2127	47.6315	49.0345	50.4517	51.8818	53.358	54.8585	56.3735	57.9416	59.5247	61.1938	62.8244	64.3939	66.0212	67.5998	69.1567	70.7428	72.273	73.8012
0	1.41614	2.66923	3.91381	5.09146	6.27749	7.49296	8.75142	10.0235	11.2819	12.5151	13.7072	14.9256	16.2011	17.5131	18.7964	20.1586	21.4902	22.7438	23.9697	25.1894	26.4957	27.7478	29.1105	30.468	31.8386	33.26	34.6355	36.0171	37.3774	38.7309	40.0857	41.4488	42.7874	44.1468	45.4403	46.7621	48.0717	49.3566	50.5942	51.8625	53.069	54.2141	55.439	56.6511	57.8855	59.1021	60.2392	61.4056	62.5366
0	1.50584	2.92238	4.25681	5.65687	7.0263	8.35368	9.74565	11.0788	12.3978	13.7071	15.0275	16.3791	17.73	19.1094	20.5471	22.0237	23.5241	25.0324	26.4374	27.8752	29.3787	30.907	32.4336	33.9513	35.4245	36.9084	38.5373	40.1469	41.7733	43.4252	45.0976	46.7757	48.4134	50.1039	51.8282	53.5747	55.3163	57.1137	58.8959	60.6599	62.4265	64.2296	66.0042	67.7804	69.5901	71.3923	73.276	75.1724	77.0117
0	1.50151	2.92447	4.26007	5.5683	6.82442	8.08355	9.37795	10.6637	11.9774	13.3442	14.7387	16.0955	17.4763	18.8472	20.2202	21.5801	22.94	24.3138	25.66	26.9828	28.3349	29.6857	31.0298	32.401	33.7722	35.1258	36.5305	37.864	39.1522	40.4509	41.7981	43.1569	44.4506	45.8459	47.1899	48.5741	49.9674	51.4402	52.9344	54.4555	55.9955	57.5744	59.1382	60.6677	62.2388	63.7809	65.2938	66.7477	68.1983
0	1.43742	2.81814	4.14565	5.40968	6.62968	7.82882	9.046	10.2358	11.4272	12.65	13.8795	15.1072	16.348	17.5412	18.7025	19.8411	20.9527	22.0233	23.1486	24.2781	25.3632	26.432	27.5302	28.6045	29.664	30.7024	31.726	32.7209	33.7609	34.878	35.9961	37.0625	38.1007	39.0981	40.1176	41.1268	42.118	43.1646	44.1925	45.1695	46.1322	47.039	47.9303	48.8013	49.6973	50.5959	51.5873	52.5826	53.5914
0	1.45275	2.71131	3.92899	5.11738	6.30672	7.44453	8.54046	9.61014	10.7037	11.8951	13.0779	14.2188	15.3504	16.4304	17.4885	18.5341	19.5559	20.6533	21.7255	22.8312	23.9291	24.9669	26.0287	27.1266	28.1699	29.2049	30.2382	31.2406	32.2612	33.2973	34.3484	35.4301	36.6128	37.8298	39.0058	40.1806	41.4099	42.6207	43.8241	45.0293	46.2082	47.479	48.69	49.8467	50.9898	52.1509	53.3465	54.5347	55.7796
0	1.49029	2.91374	4.33402	5.76741	7.15028	8.52887	9.85236	11.1583	12.3914	13.6434	14.9131	16.2398	17.5492	18.8377	20.162	21.546	22.9754	24.4101	25.8728	27.2355	28.6312	29.9455	31.1956	32.4192	33.6326	34.8897	36.1088	37.348	38.6201	39.8558	41.0351	42.2775	43.5078	44.7506	45.9649	47.1253	48.3171	49.5168	50.6977	51.7906	52.9222	54.0555	55.1817	56.3079	57.4656	58.6066	59.7456	60.8577	61.9415
0	1.42007	2.78901	4.1758	5.60204	7.06518	8.58796	10.1497	11.6975	13.2566	14.8545	16.4971	18.0942	19.7989	21.5364	23.2511	25.0205	26.7365	28.4929	30.3156	32.2268	34.159	36.1327	38.1709	40.2244	42.2743	44.2564	46.2659	48.2235	50.1227	52.0608	53.9807	55.9641	57.9511	59.8525	61.6899	63.475	65.3546	67.1753	68.9494	70.6858	72.4806	74.3549	76.187	78	79.8411	81.6795	83.4762	85.2376	86.9809
0	1.40182	2.7073	4.03008	5.35272	6.59295	7.85589	9.14149	10.3828	11.6465	12.8879	14.1776	15.474	16.7576	18.0376	19.3408	20.6161	21.9499	23.2905	24.6226	25.9354	27.3036	28.6866	30.0545	31.3248	32.5328	33.8347	35.2016	36.5642	37.8954	39.1442	40.3199	41.4692	42.5886	43.703	44.797	45.8464	46.9055	47.9498	49.0254	50.0199	50.9896	52.0562	53.0794	54.1566	55.246	56.3341	57.4705	58.591	59.6514
0	1.48133	2.88607	4.25369	5.64526	7.09188	8.55747	10.0456	11.5166	12.982	14.451	15.8805	17.3173	18.721	20.1917	21.6797	23.1833	24.6892	26.1543	27.6647	29.19	30.8116	32.395	33.9483	35.4952	37.0304	38.4902	39.9197	41.3138	42.7132	44.1179	45.5272	46.9292	48.3749	49.8629	51.3067	52.7249	54.117	55.6093	57.0627	58.4798	59.8483	61.1913	62.4648	63.7228	64.9998	66.316	67.684	69.1221	70.5369
0	1.43732	2.71983	3.93893	5.13001	6.40174	7.63465	8.89556	10.149	11.3901	12.6319	13.8981	15.229	16.5347	17.8211	19.1837	20.5449	21.9239	23.2524	24.6259	26.0032	27.4058	28.7673	30.1159	31.5254	32.9714	34.3989	35.8366	37.2528	38.6642	40.1178	41.5493	42.8958	44.2906	45.6811	47.0849	48.4366	49.77	51.1069	52.4539	53.7353	54.9585	56.1564	57.3794	58.5999	59.838	61.0746	62.3484	63.6087	64.9114
0	1.47977	2.82958	4.18696	5.58794	7.01918	8.38226	9.77121	11.1784	12.6105	14.0348	15.4268	16.7862	18.1878	19.5995	21.0455	22.4468	23.8444	25.2468	26.5516	27.9261	29.273	30.6188	32.0684	33.5437	34.9999	36.4815	38.0338	39.5961	41.1868	42.7168	44.2232	45.7481	47.2992	48.8213	50.2993	51.7695	53.2852	54.802	56.3023	57.7604	59.2154	60.6502	62.0924	63.5489	65.0067	66.468	67.9357	69.3731	70.8104
0	1.41014	2.69447	3.98075	5.24711	6.53175	7.76908	9.00358	10.2578	11.488	12.7743	13.9685	15.1784	16.3844	17.5764	18.8149	20.0297	21.2305	22.4842	23.7183	24.93	26.1143	27.2913	28.4306	29.6473	30.8928	32.1163	33.4064	34.699	35.9417	37.278	38.6606	39.9781	41.2936	42.5838	43.8204	45.1046	46.4742	47.9263	49.3462	50.7647	52.1784	53.643	55.094	56.5863	58.1093	59.663	61.1622	62.8202	64.4431
0	1.44249	2.74184	4.01033	5.2656	6.51984	7.75011	8.954	10.1687	11.4398	12.692	13.9145	15.1077	16.2948	17.5065	18.6912	19.8805	21.143	22.474	23.7453	24.9872	26.2843	27.5487	28.7762	30.0132	31.147	32.3158	33.4221	34.5216	35.6071	36.7402	37.9274	39.1249	40.3727	41.5809	42.8178	44.0367	45.2978	46.4933	47.6549	48.8757	50.058	51.2686	52.4719	53.7771	54.9982	56.26	57.4678	58.7045	59.926
0	1.44732	2.73677	3.99345	5.1632	6.34912	7.53224	8.68988	9.81678	10.888	11.942	12.9893	14.0548	15.123	16.1813	17.2046	18.2653	19.3505	20.4161	21.4641	22.4926	23.4088	24.3879	25.2838	26.2123	27.101	28.0245	28.9879	29.9502	30.8546	31.742	32.622	33.4661	34.3063	35.0983	35.8862	36.6358	37.3606	37.9451	38.628	39.2676	39.9851	40.6557	41.4063	42.165	42.9287	43.6498	44.3309	45.003	45.654
0	1.44521	2.80336	4.08076	5.33724	6.62433	7.89704	9.1423	10.3582	11.5495	12.8053	14.0911	15.3706	16.613	17.8897	19.127	20.377	21.6611	22.9674	24.2848	25.5814	26.7996	28.0296	29.2634	30.5269	31.7574	33.0004	34.2398	35.4486	36.6631	37.845	39.0197	40.1603	41.2974	42.4165	43.5172	44.584	45.6813	46.7267	47.7894	48.8604	49.9395	51.0743	52.2636	53.4679	54.6767	55.9338	57.1423	58.3117	59.4852
0	1.42283	2.80203	4.20901	5.61337	7.06493	8.56853	10.0729	11.5425	13.0104	14.5568	16.1351	17.6885	19.2556	20.8284	22.3464	23.8918	25.4508	26.9687	28.4828	30.0135	31.5839	33.1464	34.6844	36.2127	37.7683	39.3032	40.8433	42.3994	43.888	45.359	46.907	48.4271	49.9015	51.2909	52.6819	54.0703	55.489	56.7841	58.0413	59.2971	60.5915	61.9017	63.2321	64.5536	65.9165	67.282	68.6761	70.1171	71.5239
0	1.47717	2.81502	4.18271	5.52351	6.86716	8.25454	9.66858	11.0522	12.4708	13.791	15.1233	16.4792	17.8498	19.1222	20.3636	21.5633	22.8207	24.1323	25.4137	26.6844	27.9171	29.1026	30.2701	31.4383	32.5883	33.77	34.9543	36.2693	37.6005	38.9055	40.1899	41.5535	42.9231	44.3198	45.7151	47.0732	48.4956	49.8482	51.1929	52.5481	53.8264	55.0598	56.2784	57.4603	58.64	59.8767	61.069	62.2399	63.4864
0	1.43977	2.72742	3.99336	5.26083	6.56582	7.85035	9.11188	10.3596	11.546	12.776	14.0638	15.337	16.6403	17.8806	19.1352	20.3881	21.6166	22.823	24.0495	25.2678	26.4911	27.7591	29.0385	30.3573	31.6885	33.0559	34.4848	35.8501	37.2326	38.6066	39.9869	41.3755	42.7591	44.1555	45.5842	46.9989	48.3087	49.5793	50.884	52.2189	53.5169	54.8082	56.1408	57.5112	58.8713	60.2273	61.5973	62.9787	64.3609
0	1.43393	2.78419	4.06839	5.38266	6.68362	7.94633	9.1712	10.3845	11.5783	12.7416	13.8815	15.0585	16.209	17.369	18.5258	19.7307	20.9608	22.267	23.5483	24.8165	26.0247	27.1982	28.3652	29.5859	30.7743	31.9241	33.0127	34.0997	35.1376	36.1488	37.143	38.1264	39.073	40.0628	41.026	41.9727	42.9412	43.9716	44.9808	46.0645	47.0865	48.039	48.9335	49.8505	50.7395	51.6471	52.5503	53.4999	54.4673
0	1.43334	2.72533	4.00676	5.27859	6.49003	7.7442	8.94705	10.1028	11.2934	12.5472	13.8415	15.1303	16.4823	17.7999	19.1429	20.4521	21.7525	23.063	24.3734	25.6295	26.921	28.1867	29.4789	30.71	31.8791	33.1051	34.3369	35.5081	36.6945	37.9314	39.1555	40.3029	41.4938	42.6214	43.7729	44.9439	46.0221	47.1072	48.2172	49.3129	50.4223	51.51	52.5864	53.6304	54.7017	55.793	56.9027	57.9854	59.0877
0	1.4147	2.81842	4.22918	5.57689	7.01562	8.44163	9.93989	11.4615	12.9445	14.4744	16.0086	17.512	19.0362	20.6021	22.1911	23.7648	25.3305	26.9136	28.5565	30.2032	31.8816	33.5129	35.157	36.7468	38.3565	39.9998	41.6409	43.3364	45.0169	46.7054	48.3082	49.897	51.4834	53.1089	54.7262	56.3586	57.9936	59.6533	61.2958	62.9852	64.5951	66.2292	67.8649	69.5517	71.2359	72.9763	74.7649	76.5644	78.4197
0	1.46766	2.90174	4.38358	5.88597	7.46243	9.02333	10.6459	12.3134	13.9587	15.498	17.0289	18.5795	20.1276	21.6834	23.283	24.9378	26.564	28.1162	29.7578	31.4283	33.1093	34.7833	36.4376	38.0423	39.5987	41.2053	42.8325	44.4094	45.9921	47.6095	49.1912	50.7793	52.3311	53.9284	55.5247	57.1201	58.7258	60.3275	61.9555	63.5985	65.2525	66.9219	68.5903	70.3292	72.0604	73.7719	75.4839	77.2449	79.0173
0	1.412	2.76804	4.07317	5.41757	6.75695	8.08033	9.40614	10.7301	12.1537	13.5184	14.9136	16.3069	17.7171	19.0801	20.4212	21.7912	23.1478	24.5181	25.8704	27.2501	28.6896	30.1317	31.582	33.041	34.4829	35.9286	37.3224	38.6706	40.033	41.3576	42.7519	44.1384	45.5552	46.9738	48.3412	49.6847	51.0189	52.398	53.7759	55.2054	56.6951	58.1902	59.7529	61.2914	62.7888	64.3574	65.8676	67.3865	68.8853
0	1.45451	2.79254	4.09696	5.42346	6.65202	7.91324	9.07286	10.2729	11.4854	12.6884	13.9328	15.0773	16.2125	17.3779	18.5384	19.7008	20.8974	22.0971	23.2732	24.4887	25.75	27.0373	28.3371	29.5888	30.8702	32.1634	33.5012	34.8641	36.2414	37.6013	38.9247	40.2698	41.5838	42.8743	44.2402	45.6121	46.9467	48.2677	49.6039	50.9545	52.2503	53.5693	54.9538	56.3071	57.6722	59.0353	60.3535	61.7049	63.0782
0	1.40437	2.73762	4.06692	5.46661	6.83283	8.21653	9.60678	11.0433	12.4917	13.8375	15.1799	16.5244	17.872	19.1722	20.4785	21.7802	23.0524	24.2749	25.5038	26.7871	28.1094	29.4417	30.7631	32.1195	33.4944	34.8087	36.1223	37.4588	38.7158	39.9896	41.243	42.4533	43.6817	44.9221	46.2296	47.519	48.7478	49.995	51.292	52.536	53.7649	55.0618	56.3173	57.4981	58.6857	59.8697	60.9959	62.1572	63.3148
0	1.52129	2.92902	4.30602	5.65453	7.06056	8.51374	9.94872	11.4314	12.9722	14.4637	15.994	17.5225	18.9976	20.4847	21.9366	23.3265	24.7134	26.1035	27.5164	28.9159	30.3804	31.913	33.3867	34.8393	36.3331	37.7921	39.2856	40.8842	42.4703	44.0895	45.6867	47.3101	48.9218	50.5216	52.0973	53.7524	55.4885	57.291	59.0073	60.7516	62.5286	64.3229	66.0924	67.8705	69.6212	71.3651	73.0583	74.8346	76.6663
0	1.46633	2.86789	4.30693	5.77097	7.23243	8.72675	10.211	11.7176	13.2348	14.8188	16.4407	18.0184	19.6694	21.385	23.1397	24.8966	26.7321	28.6339	30.449	32.314	34.2633	36.1966	38.1606	40.1043	42.0499	44.0417	45.9786	47.8699	49.7728	51.719	53.6485	55.4917	57.3591	59.1741	61.0019	62.81	64.6156	66.433	68.3015	70.2156	72.0908	74.019	75.9358	77.9188	79.8523	81.7726	83.6854	85.5621	87.4502
0	1.42763	2.69358	4.03046	5.33756	6.62052	7.98064	9.35073	10.7109	12.0839	13.3923	14.7191	16.0555	17.3601	18.7062	20.0584	21.4355	22.8132	24.2483	25.6744	27.0878	28.5095	30.0178	31.489	32.9937	34.4532	35.9424	37.3961	38.8285	40.1992	41.6085	42.966	44.3559	45.7199	47.167	48.6327	50.0643	51.5285	52.9357	54.3365	55.7575	57.1283	58.5554	59.9313	61.3578	62.8042	64.2448	65.6944	67.1486	68.572
0	1.46388	2.83474	4.16502	5.46827	6.73657	8.02881	9.34635	10.6476	11.9775	13.3628	14.7235	16.0319	17.3885	18.738	20.1036	21.446	22.8014	24.1104	25.4852	26.9012	28.3169	29.6498	30.9927	32.3686	33.7822	35.2517	36.6791	38.1077	39.5183	40.9035	42.3519	43.7728	45.217	46.649	48.047	49.4851	50.9423	52.4322	53.8914	55.3177	56.7691	58.1756	59.5695	60.9542	62.3707	63.8003	65.2382	66.6421	67.9847
0	1.44867	2.76914	4.10838	5.44202	6.76105	8.08913	9.39707	10.724	12.0575	13.3847	14.6836	15.9542	17.2603	18.5297	19.7957	21.0627	22.317	23.6503	24.9392	26.2312	27.4876	28.6993	29.9003	31.0506	32.1903	33.3891	34.5737	35.7676	36.9524	38.095	39.1406	40.1379	41.1636	42.1293	43.1138	44.0767	45.0264	45.9719	46.9438	47.9569	48.9633	49.9127	50.8488	51.7935	52.7758	53.7377	54.7104	55.744	56.8141
0	1.47491	2.77459	4.08235	5.34683	6.6625	7.94661	9.29068	10.6238	11.8813	13.1727	14.4801	15.8321	17.1983	18.5883	19.9751	21.3599	22.7323	24.1645	25.6443	27.1147	28.5772	30.0164	31.396	32.7566	34.181	35.6333	37.1906	38.722	40.315	41.9321	43.5001	45.0705	46.7461	48.4029	50.0092	51.6888	53.3527	55.0559	56.7491	58.393	59.9912	61.6018	63.2366	64.8614	66.485	68.2216	69.9621	71.7009	73.4552
0	1.43487	2.78085	4.05519	5.36248	6.66481	7.98737	9.26949	10.5231	11.7297	12.9867	14.2714	15.4834	16.7004	17.9616	19.1828	20.4291	21.6618	22.8848	24.1456	25.4538	26.766	28.0573	29.2916	30.5687	31.7954	32.9728	34.0968	35.2429	36.4267	37.6258	38.7842	39.9693	41.1151	42.2791	43.4381	44.5577	45.6958	46.843	47.9471	49.0582	50.1996	51.3451	52.4138	53.4693	54.5076	55.6012	56.8167	57.9943	59.1898
0	1.42221	2.74008	4.06473	5.41378	6.76966	8.12148	9.46501	10.8391	12.2504	13.6382	15.0231	16.4639	17.8969	19.3393	20.8386	22.3505	23.8338	25.3631	26.8645	28.4613	30.1126	31.7558	33.3909	35.0663	36.8391	38.6017	40.3718	42.141	43.9462	45.7817	47.6314	49.4951	51.3934	53.3091	55.2344	57.1009	58.9076	60.7353	62.4874	64.1968	65.8819	67.6227	69.3436	71.0861	72.8957	74.7154	76.5834	78.4105	80.2276
0	1.42202	2.74507	4.04812	5.33692	6.62948	7.91746	9.25478	10.5268	11.7755	13.0193	14.2567	15.4633	16.6664	17.8883	19.1501	20.3541	21.6598	22.918	24.1789	25.436	26.7029	27.9925	29.3226	30.7007	32.0771	33.455	34.8137	36.1826	37.6209	39.0269	40.4875	41.9196	43.3644	44.8286	46.2385	47.6313	49.0683	50.4317	51.7979	53.1613	54.5035	55.8345	57.1406	58.4856	59.7788	61.0986	62.4327	63.7211	65.0127
0	1.47485	2.77345	4.06145	5.33849	6.64872	7.9861	9.37658	10.7447	12.1448	13.5378	14.8732	16.1898	17.4805	18.7051	19.8916	21.0459	22.1116	23.2748	24.3938	25.5262	26.7565	27.9481	29.0639	30.2453	31.4517	32.7182	33.9895	35.2776	36.5293	37.8183	39.1156	40.3996	41.6888	42.976	44.2159	45.4626	46.7062	47.9896	49.2835	50.5551	51.8424	53.0535	54.2883	55.5374	56.7289	57.944	59.1812	60.4255	61.6543
0	1.50533	2.88345	4.24801	5.5939	6.93442	8.26173	9.57548	10.93	12.264	13.5861	14.9807	16.3622	17.8051	19.1935	20.6579	22.0935	23.5315	25.0073	26.4617	27.8448	29.2276	30.6391	32.0953	33.6024	35.1266	36.6577	38.2054	39.7891	41.3717	42.9312	44.4645	45.9769	47.4148	48.9136	50.3728	51.8212	53.3332	54.8578	56.2633	57.6706	59.0857	60.5018	61.9155	63.287	64.5888	65.839	67.0935	68.4658	69.8725
0	1.36944	2.70854	4.02925	5.3763	6.69407	7.94035	9.15542	10.371	11.5496	12.6745	13.8163	14.9424	16.1225	17.3213	18.5132	19.6966	20.9017	22.1159	23.3126	24.4394	25.5988	26.7881	27.9999	29.2409	30.4281	31.6448	32.8181	33.9869	35.1561	36.3377	37.5215	38.7106	39.902	41.0502	42.233	43.404	44.5337	45.58	46.7003	47.829	48.9839	50.1406	51.2718	52.3431	53.4166	54.4654	55.4549	56.4701	57.5809
0	1.40442	2.75266	4.07611	5.37593	6.67405	7.89475	9.07156	10.1853	11.3384	12.4802	13.6476	14.7897	15.8282	16.8633	17.9222	18.9644	20.0457	21.0845	22.0636	23.0105	23.9567	24.9192	25.8935	26.8645	27.858	28.8292	29.7805	30.754	31.7231	32.6058	33.5345	34.4227	35.3012	36.2023	37.1593	38.1504	39.1852	40.2424	41.2687	42.3305	43.4034	44.4699	45.5617	46.6926	47.7912	48.9232	50.0754	51.2194	52.4254
0	1.41581	2.83719	4.2166	5.52892	6.82245	8.15474	9.52071	10.8579	12.2055	13.5094	14.9143	16.3038	17.6482	18.9561	20.2626	21.5591	22.8421	24.1737	25.4574	26.7615	28.0795	29.4017	30.7521	32.1642	33.6133	35.1343	36.6331	38.1758	39.7749	41.3511	42.8671	44.3898	45.8918	47.4168	48.943	50.4765	52.0796	53.7174	55.323	56.9923	58.6185	60.2859	61.982	63.7135	65.3812	67.0047	68.629	70.2212	71.8042
0	1.43356	2.76255	4.07726	5.41961	6.74966	8.12882	9.55863	11.033	12.4544	13.8472	15.2322	16.5534	17.8698	19.1754	20.4152	21.6301	22.9102	24.1653	25.4466	26.8169	28.233	29.6697	31.1264	32.5324	33.9138	35.2929	36.7178	38.1801	39.6803	41.0921	42.4676	43.8388	45.2595	46.6574	48.0439	49.4205	50.8323	52.3167	53.7924	55.2361	56.8057	58.4584	60.1197	61.8164	63.5071	65.154	66.7622	68.3466	69.8837
0	1.467	2.86777	4.26994	5.6778	7.08999	8.43194	9.77482	11.045	12.3739	13.6153	14.839	16.0361	17.226	18.3902	19.5432	20.7328	21.9557	23.1246	24.366	25.5735	26.7584	27.9576	29.0879	30.1888	31.2347	32.2877	33.3481	34.402	35.5149	36.6729	37.826	39.0456	40.226	41.4636	42.7383	44.0812	45.4277	46.7389	48.0862	49.3602	50.629	51.9528	53.3258	54.7553	56.1491	57.5494	58.9873	60.4042	61.8406
0	1.39421	2.63544	3.84537	5.10298	6.32885	7.48482	8.68066	9.85614	11.0402	12.2321	13.3863	14.5442	15.6865	16.8304	17.9712	19.1313	20.3062	21.4835	22.652	23.7991	24.9763	26.2538	27.5291	28.8281	30.2145	31.5422	32.8444	34.1535	35.5069	36.8149	38.1185	39.4713	40.8077	42.1858	43.5547	45.0023	46.4334	47.9059	49.3826	50.8772	52.4719	54.028	55.5429	57.1118	58.6546	60.2083	61.7087	63.2328	64.7708
0	1.40393	2.69195	3.93492	5.18696	6.50503	7.79963	9.14835	10.431	11.7793	13.1182	14.5748	15.997	17.3792	18.7108	20.0828	21.5343	23.0519	24.5883	26.1844	27.8174	29.4446	31.0336	32.5503	34.0844	35.6592	37.1851	38.7176	40.2966	41.8298	43.2886	44.7955	46.3165	47.8185	49.2823	50.7401	52.2532	53.8295	55.3537	56.8321	58.362	59.8772	61.357	62.8161	64.2665	65.6734	67.1009	68.5946	70.0508	71.4556
0	1.46178	2.89525	4.25913	5.54902	6.74015	7.93956	9.13994	10.347	11.5803	12.6782	13.7781	14.8918	16.056	17.2578	18.4606	19.6825	20.8786	22.0932	23.2893	24.4666	25.729	26.9131	28.0635	29.2176	30.4013	31.5933	32.819	34.0546	35.3717	36.6555	37.9626	39.2402	40.5246	41.7955	43.0961	44.3683	45.6349	46.9468	48.2904	49.6528	51.0522	52.4005	53.7563	55.1242	56.458	57.7457	58.9909	60.2242	61.5606
0	1.40433	2.75202	4.12231	5.46883	6.80254	8.06579	9.31644	10.5466	11.7978	13.0139	14.2028	15.4264	16.6726	17.8882	19.1033	20.3959	21.6544	22.9058	24.1772	25.4403	26.7125	27.9939	29.2413	30.4096	31.6262	32.7993	33.999	35.1605	36.3835	37.6093	38.8645	40.1449	41.4085	42.6569	43.89	45.1435	46.4107	47.6199	48.8395	49.9861	51.1662	52.3488	53.5261	54.7035	55.8864	57.0778	58.2573	59.3997	60.4748
0	1.48268	2.82479	4.11674	5.35927	6.58674	7.76725	8.96824	10.2321	11.4944	12.7966	14.1327	15.4718	16.8027	18.12	19.4325	20.7377	22.0595	23.2732	24.4859	25.77	27.0406	28.3259	29.6524	30.9748	32.3139	33.6877	35.0777	36.3747	37.6605	38.9676	40.2635	41.5557	42.8187	43.9971	45.2008	46.4547	47.719	48.9284	50.1216	51.3428	52.5227	53.6664	54.8516	56.0477	57.2686	58.4511	59.5855	60.7433	61.8241
0	1.4167	2.73618	4.00569	5.25086	6.51424	7.8319	9.18299	10.4897	11.8298	13.1994	14.5608	15.8686	17.1867	18.5764	19.9888	21.2959	22.6088	23.92	25.1935	26.4701	27.7917	29.082	30.3886	31.6492	32.9475	34.2286	35.5675	36.9283	38.3403	39.7695	41.2414	42.7641	44.3192	45.8923	47.4644	49.0403	50.5611	52.1269	53.6825	55.273	56.8771	58.4894	60.0904	61.6353	63.1419	64.6082	66.1208	67.5722	68.9885
0	1.43319	2.7488	4.07347	5.37424	6.64613	7.83777	8.98929	10.1621	11.3273	12.4779	13.6568	14.8358	15.9887	17.2072	18.4227	19.64	20.8062	21.9292	22.9651	23.939	24.9737	26.0835	27.2398	28.3337	29.4647	30.5653	31.6822	32.7991	33.9518	35.062	36.192	37.365	38.5756	39.7107	40.816	41.8768	42.9469	43.9911	45.0049	45.9737	46.9379	48.0142	49.0398	50.0364	50.9806	51.931	52.8455	53.7447	54.6246
0	1.41116	2.78862	4.12746	5.43942	6.77009	8.08548	9.38509	10.6892	12.0225	13.279	14.5704	15.7711	16.9435	18.0581	19.1699	20.3028	21.4246	22.5271	23.6211	24.7607	25.9147	27.0806	28.2519	29.426	30.5996	31.8709	33.176	34.4043	35.5349	36.6063	37.624	38.5973	39.6093	40.6614	41.7623	42.9321	44.0951	45.208	46.291	47.4422	48.6706	49.9215	51.1269	52.3502	53.62	54.909	56.2865	57.6865	58.9958
0	1.45467	2.77869	4.04192	5.27398	6.49207	7.72658	8.8995	10.0839	11.2433	12.3433	13.4109	14.466	15.5131	16.552	17.6205	18.6877	19.6911	20.6537	21.6114	22.5894	23.5854	24.6078	25.644	26.7305	27.8183	28.9969	30.1776	31.4137	32.6247	33.7867	34.9596	36.1936	37.3994	38.6004	39.8856	41.1221	42.3654	43.6116	44.849	46.0598	47.2002	48.3671	49.5116	50.6542	51.8855	53.0954	54.3526	55.6212	56.9255
0	1.46901	2.83567	4.20509	5.53498	6.80304	8.13803	9.54321	10.9717	12.3739	13.7291	15.0639	16.4369	17.8241	19.1501	20.4711	21.8446	23.2256	24.5742	25.9674	27.3442	28.7327	30.1418	31.4559	32.7965	34.1209	35.4634	36.8164	38.2206	39.5611	40.9581	42.2904	43.595	44.961	46.2942	47.66	49.0685	50.4603	51.8402	53.1649	54.5449	55.977	57.4387	58.8816	60.2922	61.6607	63.061	64.4464	65.7992	67.1412
0	1.3969	2.65722	3.94119	5.15889	6.41361	7.66588	8.92702	10.1366	11.3627	12.5115	13.711	14.8989	16.0819	17.2907	18.4825	19.6883	20.8641	22.0632	23.2573	24.4982	25.7302	26.955	28.1864	29.4613	30.7635	32.0621	33.4215	34.7191	36.0673	37.38	38.7327	40.0916	41.4537	42.8087	44.2438	45.6554	47.0943	48.4653	49.878	51.2203	52.5409	53.9282	55.2283	56.4915	57.6942	58.905	60.1389	61.3261	62.5263
0	1.44093	2.73311	4.12063	5.43452	6.76697	8.09941	9.4029	10.7199	12.0506	13.3469	14.6157	15.8228	17.0299	18.2597	19.4716	20.6621	21.8856	23.1267	24.3668	25.624	26.9189	28.1682	29.3835	30.5895	31.7768	32.9651	34.1168	35.3901	36.6759	37.9089	39.1213	40.3521	41.5376	42.7213	43.8513	44.9423	46.0078	47.0292	48.0636	49.0889	50.0862	51.112	52.1001	53.1	54.1338	55.1529	56.0694	56.9299	57.7441
0	1.45896	2.74575	4.04399	5.34128	6.6106	7.96694	9.36457	10.7887	12.2082	13.6321	15.026	16.4664	17.9263	19.474	20.9728	22.4331	23.9199	25.3615	26.7984	28.2175	29.6154	31.0656	32.5191	33.9065	35.3246	36.7316	38.1545	39.6385	41.0709	42.5604	43.9722	45.4058	46.85	48.3338	49.7611	51.2252	52.6325	54.1193	55.6101	57.0934	58.5807	59.9876	61.4441	62.8617	64.1682	65.4852	66.7906	68.1254	69.5182
0	1.45179	2.79021	4.07416	5.35851	6.65662	7.88397	9.08542	10.3011	11.5235	12.7687	13.9942	15.226	16.4935	17.6419	18.7581	19.9025	20.9812	22.1038	23.2088	24.3426	25.4761	26.6227	27.8094	29.0494	30.2274	31.3494	32.5179	33.7483	34.9155	36.1128	37.2979	38.5198	39.7587	41.0229	42.3159	43.6135	44.9462	46.3007	47.6672	49.0286	50.3578	51.664	52.9367	54.2362	55.6042	56.9942	58.3514	59.6932	61.031
0	1.42027	2.72988	4.09404	5.42127	6.75047	8.06371	9.33934	10.6037	11.9186	13.212	14.5387	15.9244	17.2888	18.6347	20.0261	21.3672	22.7303	24.0966	25.4604	26.7986	28.2087	29.5939	30.972	32.3412	33.7155	35.0441	36.3371	37.7322	39.0686	40.3897	41.6511	42.889	44.0746	45.2405	46.3784	47.4691	48.5316	49.6728	50.8436	52.0027	53.1032	54.2201	55.36	56.5727	57.7609	58.9971	60.295	61.5588	62.8464
0	1.47699	2.89161	4.29051	5.73951	7.32581	8.95977	10.616	12.2531	13.8706	15.489	17.1655	18.866	20.5659	22.3122	24.0171	25.664	27.3253	28.9201	30.5447	32.1942	33.8195	35.4233	36.9784	38.4022	39.8103	41.2047	42.4551	43.7263	44.9852	46.2578	47.6048	48.8975	50.1778	51.5024	52.7522	53.972	55.1891	56.3487	57.4323	58.5433	59.6606	60.731	61.748	62.8198	63.9032	65.038	66.1458	67.2041	68.2413
0	1.40129	2.64141	3.83448	4.99999	6.1459	7.25542	8.30705	9.36819	10.4659	11.5876	12.7535	13.8912	15.0933	16.3304	17.5159	18.735	19.988	21.2586	22.5225	23.7124	24.9921	26.2894	27.5513	28.8281	30.0943	31.3728	32.5911	33.7663	34.902	35.9746	37.0481	38.1337	39.1805	40.2545	41.3149	42.3576	43.3454	44.4247	45.5154	46.5126	47.5518	48.5296	49.4978	50.4652	51.4474	52.4714	53.4536	54.4459	55.3788
0	1.43081	2.7721	4.08393	5.37726	6.66613	7.93863	9.14711	10.3886	11.6653	12.952	14.2224	15.4338	16.6545	17.91	19.1499	20.4572	21.7485	23.0044	24.3079	25.539	26.8055	28.0707	29.3777	30.6367	31.9774	33.3357	34.624	35.9784	37.2838	38.579	39.8738	41.1063	42.387	43.5908	44.7922	46.0693	47.3641	48.6605	49.958	51.3021	52.5828	53.802	54.9857	56.1303	57.3141	58.503	59.6081	60.7183	61.8293
0	1.47162	2.85894	4.18389	5.42189	6.64922	7.84811	9.03223	10.2733	11.5127	12.678	13.8729	14.9992	16.1626	17.3323	18.5976	19.835	21.1144	22.3776	23.7084	24.9647	26.2238	27.5026	28.7361	29.9552	31.1796	32.3929	33.5643	34.8107	36.1054	37.423	38.7568	40.1243	41.5352	42.9263	44.3496	45.7989	47.2696	48.7344	50.2254	51.6862	53.2115	54.7513	56.2798	57.7667	59.3037	60.8736	62.5207	64.1839	65.8678
0	1.42767	2.82578	4.19766	5.5226	6.87341	8.23629	9.57144	10.9662	12.3783	13.7802	15.1326	16.4789	17.8152	19.175	20.5213	21.8505	23.209	24.509	25.8255	27.172	28.5115	29.9211	31.3492	32.7711	34.18	35.6578	37.1525	38.6345	40.1204	41.6038	43.1116	44.5711	45.976	47.4458	48.962	50.4443	51.9434	53.4141	54.8077	56.2456	57.6496	59.0794	60.5106	61.9599	63.3869	64.8013	66.2533	67.7551	69.1885
0	1.49138	2.85478	4.17562	5.52407	6.89393	8.2	9.47903	10.7998	12.115	13.3971	14.6314	15.882	17.0273	18.1583	19.3021	20.3614	21.3436	22.3107	23.2618	24.2611	25.1732	26.126	27.1439	28.1724	29.2067	30.305	31.3044	32.3311	33.3374	34.3852	35.4068	36.3804	37.3695	38.411	39.3668	40.3291	41.3038	42.3008	43.3384	44.3472	45.3259	46.2754	47.2565	48.29	49.2988	50.3335	51.3267	52.324	53.3227
0	1.41969	2.76823	4.11513	5.46538	6.80097	8.17763	9.45134	10.7501	12.0912	13.4137	14.7694	16.1997	17.6152	19.0606	20.4639	21.9176	23.4175	24.8285	26.245	27.7238	29.2059	30.669	32.1585	33.7193	35.2046	36.6871	38.2105	39.7258	41.2367	42.7604	44.3	45.8212	47.3419	48.8568	50.361	51.8935	53.4045	54.934	56.4139	57.9352	59.4738	61.0146	62.6097	64.1949	65.7933	67.3759	68.9218	70.4755	72.059
0	1.42519	2.75067	4.00567	5.26068	6.52733	7.7936	9.00589	10.2269	11.3837	12.6029	13.8468	15.0436	16.1725	17.2565	18.3563	19.4968	20.619	21.7347	22.9029	24.0701	25.1522	26.2651	27.362	28.409	29.5084	30.6361	31.7952	32.975	34.2431	35.4413	36.6145	37.8933	39.1357	40.3097	41.4657	42.6985	43.925	45.1162	46.3614	47.6416	48.8781	50.0748	51.2836	52.4861	53.7136	54.9384	56.1545	57.3841	58.5842
0	1.41671	2.69333	4.03652	5.38377	6.72832	8.00693	9.29825	10.5707	11.7557	12.9377	14.1689	15.3473	16.5292	17.6773	18.8571	19.988	21.1632	22.3514	23.5103	24.6579	25.7801	26.8537	27.9239	29.0394	30.0817	31.1352	32.1884	33.2545	34.3495	35.4293	36.5524	37.6585	38.7993	40.0092	41.2777	42.5546	43.8332	45.1241	46.3341	47.5398	48.6949	49.9215	51.1728	52.4785	53.8012	55.1019	56.3241	57.5533	58.7769
0	1.46705	2.87557	4.25554	5.64409	7.0251	8.4106	9.82947	11.2829	12.7926	14.2042	15.6336	17.1247	18.6155	20.0731	21.4946	22.9413	24.3816	25.8767	27.4138	28.9401	30.4821	32.0404	33.5856	35.1639	36.7414	38.2935	39.9098	41.5247	43.0993	44.7244	46.3373	47.9178	49.5129	51.1472	52.8603	54.5107	56.228	57.9849	59.7387	61.5301	63.321	65.0544	66.7593	68.4504	70.0936	71.744	73.4219	75.1238	76.759
0	1.40796	2.67811	3.89385	5.20384	6.51727	7.8685	9.30055	10.7414	12.1136	13.4835	14.8779	16.3323	17.8097	19.1904	20.5628	21.9688	23.3907	24.7719	26.1687	27.585	28.9431	30.3583	31.7607	33.1434	34.5722	35.9676	37.331	38.7565	40.1319	41.533	42.8984	44.2736	45.6488	47.0067	48.3277	49.6972	51.1586	52.6126	54.0896	55.6411	57.1563	58.7072	60.2735	61.857	63.3801	64.8561	66.2529	67.6259	69.0157
0	1.43626	2.78004	4.16158	5.5132	6.85676	8.16918	9.46365	10.7038	11.9275	13.1624	14.3766	15.5562	16.7418	17.9165	19.0996	20.3212	21.5239	22.7014	23.9356	25.0794	26.1989	27.3433	28.4479	29.5169	30.6157	31.6931	32.7961	33.9093	34.9319	35.9903	37.0535	38.135	39.196	40.3212	41.4305	42.5221	43.627	44.7671	45.9616	47.1536	48.337	49.4723	50.6292	51.8007	53.0278	54.2848	55.5395	56.8255	58.0211
0	1.41646	2.6972	4.01143	5.31082	6.5987	7.87172	9.13592	10.3234	11.4785	12.6667	13.8484	14.9967	16.1663	17.2736	18.4425	19.664	20.8437	22.0006	23.1132	24.2032	25.2813	26.375	27.4543	28.5392	29.5849	30.6229	31.6228	32.6788	33.7398	34.7882	35.7869	36.8397	37.939	39.1182	40.2559	41.3273	42.4132	43.4461	44.4662	45.4951	46.4664	47.4882	48.4842	49.5029	50.5288	51.5619	52.6775	53.8198	55.0095
0	1.45364	2.82949	4.1486	5.42201	6.63605	7.8336	9.02856	10.1668	11.2926	12.3774	13.4976	14.5733	15.6747	16.7319	17.766	18.8705	19.975	21.0388	22.0943	23.1642	24.2363	25.3166	26.3347	27.3386	28.2839	29.2713	30.2653	31.2687	32.2343	33.2209	34.1756	35.1862	36.2642	37.303	38.2776	39.2755	40.2315	41.1202	41.9834	42.845	43.7369	44.5338	45.28	46.092	46.9087	47.7482	48.6276	49.5174	50.4614
0	1.42798	2.76762	4.08183	5.33099	6.55865	7.76655	8.99423	10.2822	11.5251	12.7865	14.0577	15.3496	16.6122	17.7832	18.8612	19.9715	21.1059	22.2372	23.3114	24.4127	25.4638	26.4676	27.4435	28.4394	29.38	30.3534	31.4197	32.4847	33.5641	34.678	35.8007	36.9476	38.0741	39.2073	40.3368	41.4958	42.6448	43.7442	44.8517	45.986	47.2254	48.4467	49.694	50.8769	52.0979	53.2812	54.4387	55.5513	56.6088
0	1.43742	2.80059	4.12714	5.46092	6.81112	8.211	9.63172	11.0586	12.495	13.9024	15.3343	16.7228	18.0941	19.4338	20.7796	22.1594	23.528	24.8955	26.3297	27.687	29.0509	30.324	31.5358	32.8078	34.0275	35.1903	36.3626	37.5801	38.8361	40.0906	41.3529	42.6287	43.9048	45.199	46.4296	47.7156	49.0177	50.366	51.7014	52.98	54.2217	55.4857	56.7641	57.997	59.2966	60.6663	62.0804	63.4546	64.8527
0	1.44246	2.81718	4.17915	5.56745	7.01502	8.47535	9.9973	11.5389	13.0407	14.5349	16.0394	17.4964	19.0206	20.5876	22.1209	23.6572	25.2615	26.8509	28.4324	29.941	31.4365	32.9351	34.4237	35.9061	37.3524	38.8162	40.2619	41.6658	43.0629	44.4162	45.7756	47.1141	48.5162	49.9743	51.4136	52.8073	54.2342	55.6079	56.9908	58.3268	59.6418	60.9552	62.2956	63.6305	64.9573	66.2503	67.5	68.7773	70.0784
0	1.44847	2.80027	4.05525	5.2125	6.33526	7.4188	8.51723	9.59759	10.7027	11.811	12.9566	14.1056	15.2392	16.3777	17.4578	18.5192	19.582	20.6833	21.7799	22.8638	23.9763	25.1104	26.2381	27.3068	28.3912	29.5519	30.7343	31.9108	33.0528	34.1485	35.2419	36.3089	37.3774	38.4567	39.527	40.5865	41.5924	42.6964	43.7905	44.8518	45.9669	47.028	48.1357	49.198	50.2623	51.3353	52.3668	53.4602	54.4986
0	1.4747	2.83439	4.14922	5.48934	6.8739	8.26335	9.61551	10.9706	12.3488	13.7214	15.0039	16.3073	17.544	18.7766	20.0205	21.243	22.4629	23.6745	24.8519	26.0515	27.2175	28.3733	29.5812	30.7508	31.8773	32.9948	34.1361	35.2295	36.3748	37.4632	38.6127	39.7446	40.849	42.0054	43.1877	44.3716	45.5817	46.7687	47.9956	49.1967	50.4227	51.5751	52.7194	53.8302	54.8786	55.8871	56.8664	57.8401	58.7726
0	1.42999	2.75132	4.06329	5.3435	6.68012	8.00751	9.32896	10.6431	11.9431	13.2461	14.5997	16.008	17.4397	18.8553	20.2521	21.592	23.0106	24.4157	25.7483	27.0542	28.4059	29.7679	31.1051	32.4235	33.6838	34.9404	36.2072	37.4668	38.7937	40.1242	41.3982	42.6794	44.0111	45.2849	46.5724	47.9522	49.3441	50.7175	52.1456	53.5421	54.9428	56.3557	57.8236	59.3142	60.8061	62.3406	63.9048	65.4866	67.0293
0	1.45724	2.87141	4.30941	5.73414	7.18022	8.59756	10.0456	11.4779	13.0043	14.4998	15.9726	17.4237	18.7874	20.1237	21.4952	22.917	24.4042	25.9435	27.4426	28.966	30.4584	31.9538	33.4217	34.8725	36.3016	37.7109	39.0847	40.5014	41.9107	43.3606	44.8547	46.3268	47.8178	49.2797	50.7281	52.1487	53.5465	55.0254	56.4372	57.7586	59.1294	60.4805	61.8194	63.1412	64.5235	65.8589	67.1486	68.409	69.695
0	1.41439	2.75759	4.07042	5.36947	6.70017	8.06051	9.43182	10.7212	11.9677	13.196	14.4421	15.6886	16.8947	18.0862	19.2253	20.3748	21.5686	22.7154	23.871	24.9588	26.0237	27.1033	28.2027	29.1946	30.1981	31.1866	32.1794	33.1979	34.3127	35.4665	36.5844	37.6665	38.7464	39.8096	40.8636	41.8855	42.8602	43.7682	44.7092	45.6371	46.5491	47.505	48.5085	49.501	50.4724	51.4484	52.3966	53.3882	54.38
0	1.41997	2.68437	3.99358	5.23539	6.55482	7.81191	9.07633	10.344	11.5996	12.8509	14.1228	15.3334	16.5357	17.693	18.836	19.9678	21.0678	22.1084	23.1234	24.1311	25.1006	26.0076	26.9375	27.8619	28.8042	29.7509	30.6836	31.587	32.4173	33.2666	34.1025	34.9628	35.8161	36.7224	37.6333	38.5387	39.4089	40.3077	41.2545	42.2089	43.2418	44.2574	45.2468	46.1726	47.1563	48.0947	48.9859	49.8132	50.6451
0	1.44192	2.78544	4.05742	5.39338	6.73228	7.98931	9.26367	10.5751	11.7878	13.0302	14.2748	15.4711	16.697	17.9426	19.1701	20.3813	21.6315	22.9036	24.1533	25.3769	26.6315	27.8673	29.1405	30.4278	31.711	33.0357	34.3793	35.6814	36.9787	38.3693	39.8001	41.2337	42.6516	44.0734	45.3955	46.7647	48.1268	49.3976	50.7026	52.0298	53.3445	54.5859	55.8471	57.0161	58.1537	59.3784	60.5307	61.6513	62.7925
0	1.464	2.7644	4.13449	5.48683	6.85872	8.22256	9.59661	10.9566	12.3503	13.6821	14.9946	16.2827	17.6072	18.9492	20.2465	21.577	22.909	24.217	25.5552	26.8797	28.1736	29.4772	30.8171	32.1342	33.4619	34.7713	36.112	37.456	38.788	40.0961	41.3738	42.5616	43.754	44.9076	46.0493	47.1928	48.3681	49.5088	50.6281	51.704	52.7541	53.8182	54.9138	56.0532	57.1858	58.276	59.2901	60.3245	61.3422
0	1.41153	2.76368	4.13811	5.57372	7.06628	8.57044	10.0898	11.6301	13.1483	14.6082	16.0216	17.465	18.9182	20.2999	21.6637	23.0034	24.4289	25.8075	27.1307	28.4299	29.7343	31.0737	32.5115	33.9936	35.4545	36.9631	38.4293	39.8827	41.3892	42.8587	44.4022	45.9889	47.4476	48.9094	50.3701	51.8557	53.2937	54.7062	56.1527	57.6142	59.0574	60.4919	61.869	63.2537	64.6436	66.0641	67.4466	68.8771	70.276
0	1.46557	2.75752	4.03037	5.3759	6.68534	8.01798	9.31767	10.6098	11.9094	13.2445	14.5051	15.7578	16.9814	18.1995	19.3297	20.4963	21.7424	23.0734	24.375	25.6533	26.9728	28.2979	29.5609	30.7355	31.962	33.1981	34.4884	35.8033	37.0899	38.3517	39.5559	40.7557	41.9222	43.0537	44.1837	45.374	46.4761	47.6177	48.7471	49.8522	50.9629	52.0768	53.1561	54.2033	55.3125	56.4502	57.6029	58.7189	59.8433
0	1.46028	2.82909	4.14174	5.43417	6.69253	7.91299	9.06294	10.2288	11.3838	12.5162	13.6104	14.7349	15.7712	16.8276	18.0003	19.1464	20.3302	21.5164	22.6726	23.8181	24.932	26.0384	27.1205	28.1753	29.2207	30.3146	31.4746	32.6691	33.8934	35.1419	36.3931	37.6382	38.8904	40.125	41.37	42.5931	43.7977	44.902	46.0578	47.2068	48.4739	49.7658	51.1076	52.4993	53.8689	55.2164	56.5365	57.9566	59.4055